(kicad_pcb (version 20171130) (host pcbnew "(5.1.6)-1")

  (general
    (thickness 1.6)
    (drawings 27)
    (tracks 564)
    (zones 0)
    (modules 56)
    (nets 50)
  )

  (page A4)
  (layers
    (0 F.Cu signal)
    (31 B.Cu signal)
    (32 B.Adhes user)
    (33 F.Adhes user)
    (34 B.Paste user)
    (35 F.Paste user)
    (36 B.SilkS user)
    (37 F.SilkS user)
    (38 B.Mask user)
    (39 F.Mask user)
    (40 Dwgs.User user)
    (41 Cmts.User user)
    (42 Eco1.User user)
    (43 Eco2.User user)
    (44 Edge.Cuts user)
    (45 Margin user)
    (46 B.CrtYd user)
    (47 F.CrtYd user)
    (48 B.Fab user)
    (49 F.Fab user)
  )

  (setup
    (last_trace_width 1.5)
    (user_trace_width 0.7)
    (user_trace_width 0.9)
    (user_trace_width 1.5)
    (user_trace_width 2.5)
    (trace_clearance 0.2)
    (zone_clearance 0.508)
    (zone_45_only no)
    (trace_min 0.2)
    (via_size 0.8)
    (via_drill 0.4)
    (via_min_size 0.4)
    (via_min_drill 0.3)
    (user_via 1 0.8)
    (uvia_size 0.3)
    (uvia_drill 0.1)
    (uvias_allowed no)
    (uvia_min_size 0.2)
    (uvia_min_drill 0.1)
    (edge_width 0.05)
    (segment_width 0.2)
    (pcb_text_width 0.3)
    (pcb_text_size 1.5 1.5)
    (mod_edge_width 0.12)
    (mod_text_size 1 1)
    (mod_text_width 0.15)
    (pad_size 1.524 1.524)
    (pad_drill 0.762)
    (pad_to_mask_clearance 0.05)
    (aux_axis_origin 0 0)
    (visible_elements 7FFFFFFF)
    (pcbplotparams
      (layerselection 0x010fc_ffffffff)
      (usegerberextensions false)
      (usegerberattributes true)
      (usegerberadvancedattributes true)
      (creategerberjobfile true)
      (excludeedgelayer true)
      (linewidth 0.100000)
      (plotframeref false)
      (viasonmask false)
      (mode 1)
      (useauxorigin false)
      (hpglpennumber 1)
      (hpglpenspeed 20)
      (hpglpendiameter 15.000000)
      (psnegative false)
      (psa4output false)
      (plotreference true)
      (plotvalue true)
      (plotinvisibletext false)
      (padsonsilk false)
      (subtractmaskfromsilk false)
      (outputformat 1)
      (mirror false)
      (drillshape 1)
      (scaleselection 1)
      (outputdirectory ""))
  )

  (net 0 "")
  (net 1 COM)
  (net 2 12V)
  (net 3 PHASEA)
  (net 4 "Net-(C4-Pad1)")
  (net 5 PHASEB)
  (net 6 "Net-(C5-Pad1)")
  (net 7 PHASEC)
  (net 8 "Net-(C6-Pad1)")
  (net 9 "Net-(C9-Pad1)")
  (net 10 "Net-(C10-Pad1)")
  (net 11 "Net-(C12-Pad1)")
  (net 12 "Net-(C13-Pad2)")
  (net 13 5V)
  (net 14 "Net-(Q1-Pad1)")
  (net 15 "Net-(Q2-Pad1)")
  (net 16 "Net-(Q3-Pad1)")
  (net 17 "Net-(Q4-Pad1)")
  (net 18 "Net-(Q5-Pad1)")
  (net 19 "Net-(Q6-Pad1)")
  (net 20 "Net-(R1-Pad2)")
  (net 21 "Net-(R2-Pad2)")
  (net 22 "Net-(R3-Pad2)")
  (net 23 "Net-(R4-Pad2)")
  (net 24 "Net-(R5-Pad2)")
  (net 25 "Net-(R6-Pad2)")
  (net 26 "Net-(R13-Pad1)")
  (net 27 ~LINA)
  (net 28 ~HINA)
  (net 29 ~LINB)
  (net 30 ~HINB)
  (net 31 ~LINC)
  (net 32 ~HINC)
  (net 33 CURRENT)
  (net 34 "Net-(U6-Pad6)")
  (net 35 "Net-(U6-Pad26)")
  (net 36 "Net-(U6-Pad27)")
  (net 37 "Net-(D10-Pad2)")
  (net 38 "Net-(D10-Pad1)")
  (net 39 "Net-(D11-Pad2)")
  (net 40 "Net-(D11-Pad1)")
  (net 41 "Net-(R14-Pad1)")
  (net 42 SEND2)
  (net 43 SEND1)
  (net 44 HALLA)
  (net 45 HALLB)
  (net 46 HALLC)
  (net 47 RECEIVE2)
  (net 48 RECEIVE1)
  (net 49 BUTTON)

  (net_class Default "This is the default net class."
    (clearance 0.2)
    (trace_width 0.25)
    (via_dia 0.8)
    (via_drill 0.4)
    (uvia_dia 0.3)
    (uvia_drill 0.1)
    (add_net 12V)
    (add_net 5V)
    (add_net BUTTON)
    (add_net COM)
    (add_net CURRENT)
    (add_net HALLA)
    (add_net HALLB)
    (add_net HALLC)
    (add_net "Net-(C10-Pad1)")
    (add_net "Net-(C12-Pad1)")
    (add_net "Net-(C13-Pad2)")
    (add_net "Net-(C4-Pad1)")
    (add_net "Net-(C5-Pad1)")
    (add_net "Net-(C6-Pad1)")
    (add_net "Net-(C9-Pad1)")
    (add_net "Net-(D10-Pad1)")
    (add_net "Net-(D10-Pad2)")
    (add_net "Net-(D11-Pad1)")
    (add_net "Net-(D11-Pad2)")
    (add_net "Net-(Q1-Pad1)")
    (add_net "Net-(Q2-Pad1)")
    (add_net "Net-(Q3-Pad1)")
    (add_net "Net-(Q4-Pad1)")
    (add_net "Net-(Q5-Pad1)")
    (add_net "Net-(Q6-Pad1)")
    (add_net "Net-(R1-Pad2)")
    (add_net "Net-(R13-Pad1)")
    (add_net "Net-(R14-Pad1)")
    (add_net "Net-(R2-Pad2)")
    (add_net "Net-(R3-Pad2)")
    (add_net "Net-(R4-Pad2)")
    (add_net "Net-(R5-Pad2)")
    (add_net "Net-(R6-Pad2)")
    (add_net "Net-(U6-Pad26)")
    (add_net "Net-(U6-Pad27)")
    (add_net "Net-(U6-Pad6)")
    (add_net PHASEA)
    (add_net PHASEB)
    (add_net PHASEC)
    (add_net RECEIVE1)
    (add_net RECEIVE2)
    (add_net SEND1)
    (add_net SEND2)
    (add_net ~HINA)
    (add_net ~HINB)
    (add_net ~HINC)
    (add_net ~LINA)
    (add_net ~LINB)
    (add_net ~LINC)
  )

  (module Resistor_SMD:R_1218_3246Metric (layer B.Cu) (tedit 5B341556) (tstamp 5FCB8371)
    (at 92.202 68.883 270)
    (descr "Resistor SMD 1218 (3246 Metric), square (rectangular) end terminal, IPC_7351 nominal, (Body size source: https://www.vishay.com/docs/20035/dcrcwe3.pdf), generated with kicad-footprint-generator")
    (tags resistor)
    (path /5FD600E9)
    (attr smd)
    (fp_text reference R16 (at 0 3.32 90) (layer B.SilkS)
      (effects (font (size 1 1) (thickness 0.15)) (justify mirror))
    )
    (fp_text value 10k (at 0 -3.32 90) (layer B.Fab)
      (effects (font (size 1 1) (thickness 0.15)) (justify mirror))
    )
    (fp_text user %R (at 0 0 90) (layer B.Fab)
      (effects (font (size 0.8 0.8) (thickness 0.12)) (justify mirror))
    )
    (fp_line (start -1.6 -2.3) (end -1.6 2.3) (layer B.Fab) (width 0.1))
    (fp_line (start -1.6 2.3) (end 1.6 2.3) (layer B.Fab) (width 0.1))
    (fp_line (start 1.6 2.3) (end 1.6 -2.3) (layer B.Fab) (width 0.1))
    (fp_line (start 1.6 -2.3) (end -1.6 -2.3) (layer B.Fab) (width 0.1))
    (fp_line (start -0.777064 2.41) (end 0.777064 2.41) (layer B.SilkS) (width 0.12))
    (fp_line (start -0.777064 -2.41) (end 0.777064 -2.41) (layer B.SilkS) (width 0.12))
    (fp_line (start -2.25 -2.62) (end -2.25 2.62) (layer B.CrtYd) (width 0.05))
    (fp_line (start -2.25 2.62) (end 2.25 2.62) (layer B.CrtYd) (width 0.05))
    (fp_line (start 2.25 2.62) (end 2.25 -2.62) (layer B.CrtYd) (width 0.05))
    (fp_line (start 2.25 -2.62) (end -2.25 -2.62) (layer B.CrtYd) (width 0.05))
    (pad 2 smd roundrect (at 1.475 0 270) (size 1.05 4.75) (layers B.Cu B.Paste B.Mask) (roundrect_rratio 0.238095)
      (net 49 BUTTON))
    (pad 1 smd roundrect (at -1.475 0 270) (size 1.05 4.75) (layers B.Cu B.Paste B.Mask) (roundrect_rratio 0.238095)
      (net 1 COM))
    (model ${KISYS3DMOD}/Resistor_SMD.3dshapes/R_1218_3246Metric.wrl
      (at (xyz 0 0 0))
      (scale (xyz 1 1 1))
      (rotate (xyz 0 0 0))
    )
  )

  (module phase1:button (layer F.Cu) (tedit 5FCAAD48) (tstamp 5FCB75DB)
    (at 92.202 75.692 90)
    (path /5FD4927F)
    (fp_text reference M1 (at 0.508 3.937 90) (layer F.SilkS)
      (effects (font (size 1 1) (thickness 0.15)))
    )
    (fp_text value button (at 0 -3.81 90) (layer F.Fab)
      (effects (font (size 1 1) (thickness 0.15)))
    )
    (fp_line (start -3.175 3.048) (end 2.921 3.048) (layer F.SilkS) (width 0.12))
    (fp_line (start 2.921 3.048) (end 2.921 -2.921) (layer F.SilkS) (width 0.12))
    (fp_line (start 2.921 -2.921) (end -3.175 -2.921) (layer F.SilkS) (width 0.12))
    (fp_line (start -3.175 -2.921) (end -3.175 3.048) (layer F.SilkS) (width 0.12))
    (pad 1 thru_hole circle (at -3.175 0 90) (size 1.524 1.524) (drill 0.762) (layers *.Cu *.Mask)
      (net 13 5V))
    (pad 2 thru_hole circle (at 2.921 0 90) (size 1.524 1.524) (drill 0.762) (layers *.Cu *.Mask)
      (net 49 BUTTON))
  )

  (module Resistor_SMD:R_1218_3246Metric (layer B.Cu) (tedit 5B341556) (tstamp 5FCB0AE1)
    (at 126.746 93.98 180)
    (descr "Resistor SMD 1218 (3246 Metric), square (rectangular) end terminal, IPC_7351 nominal, (Body size source: https://www.vishay.com/docs/20035/dcrcwe3.pdf), generated with kicad-footprint-generator")
    (tags resistor)
    (path /5FCFBFFB)
    (attr smd)
    (fp_text reference R15 (at 0 3.32) (layer B.SilkS)
      (effects (font (size 1 1) (thickness 0.15)) (justify mirror))
    )
    (fp_text value 400 (at 0 -3.32) (layer B.Fab)
      (effects (font (size 1 1) (thickness 0.15)) (justify mirror))
    )
    (fp_text user %R (at 0 0) (layer B.Fab)
      (effects (font (size 0.8 0.8) (thickness 0.12)) (justify mirror))
    )
    (fp_line (start -1.6 -2.3) (end -1.6 2.3) (layer B.Fab) (width 0.1))
    (fp_line (start -1.6 2.3) (end 1.6 2.3) (layer B.Fab) (width 0.1))
    (fp_line (start 1.6 2.3) (end 1.6 -2.3) (layer B.Fab) (width 0.1))
    (fp_line (start 1.6 -2.3) (end -1.6 -2.3) (layer B.Fab) (width 0.1))
    (fp_line (start -0.777064 2.41) (end 0.777064 2.41) (layer B.SilkS) (width 0.12))
    (fp_line (start -0.777064 -2.41) (end 0.777064 -2.41) (layer B.SilkS) (width 0.12))
    (fp_line (start -2.25 -2.62) (end -2.25 2.62) (layer B.CrtYd) (width 0.05))
    (fp_line (start -2.25 2.62) (end 2.25 2.62) (layer B.CrtYd) (width 0.05))
    (fp_line (start 2.25 2.62) (end 2.25 -2.62) (layer B.CrtYd) (width 0.05))
    (fp_line (start 2.25 -2.62) (end -2.25 -2.62) (layer B.CrtYd) (width 0.05))
    (pad 2 smd roundrect (at 1.475 0 180) (size 1.05 4.75) (layers B.Cu B.Paste B.Mask) (roundrect_rratio 0.238095)
      (net 40 "Net-(D11-Pad1)"))
    (pad 1 smd roundrect (at -1.475 0 180) (size 1.05 4.75) (layers B.Cu B.Paste B.Mask) (roundrect_rratio 0.238095)
      (net 41 "Net-(R14-Pad1)"))
    (model ${KISYS3DMOD}/Resistor_SMD.3dshapes/R_1218_3246Metric.wrl
      (at (xyz 0 0 0))
      (scale (xyz 1 1 1))
      (rotate (xyz 0 0 0))
    )
  )

  (module Resistor_SMD:R_1218_3246Metric (layer B.Cu) (tedit 5B341556) (tstamp 5FCB0DB1)
    (at 126.746 87.122 180)
    (descr "Resistor SMD 1218 (3246 Metric), square (rectangular) end terminal, IPC_7351 nominal, (Body size source: https://www.vishay.com/docs/20035/dcrcwe3.pdf), generated with kicad-footprint-generator")
    (tags resistor)
    (path /5FD28729)
    (attr smd)
    (fp_text reference R14 (at 0 3.32) (layer B.SilkS)
      (effects (font (size 1 1) (thickness 0.15)) (justify mirror))
    )
    (fp_text value 400 (at 0 -3.32) (layer B.Fab)
      (effects (font (size 1 1) (thickness 0.15)) (justify mirror))
    )
    (fp_text user %R (at 0 0) (layer B.Fab)
      (effects (font (size 0.8 0.8) (thickness 0.12)) (justify mirror))
    )
    (fp_line (start -1.6 -2.3) (end -1.6 2.3) (layer B.Fab) (width 0.1))
    (fp_line (start -1.6 2.3) (end 1.6 2.3) (layer B.Fab) (width 0.1))
    (fp_line (start 1.6 2.3) (end 1.6 -2.3) (layer B.Fab) (width 0.1))
    (fp_line (start 1.6 -2.3) (end -1.6 -2.3) (layer B.Fab) (width 0.1))
    (fp_line (start -0.777064 2.41) (end 0.777064 2.41) (layer B.SilkS) (width 0.12))
    (fp_line (start -0.777064 -2.41) (end 0.777064 -2.41) (layer B.SilkS) (width 0.12))
    (fp_line (start -2.25 -2.62) (end -2.25 2.62) (layer B.CrtYd) (width 0.05))
    (fp_line (start -2.25 2.62) (end 2.25 2.62) (layer B.CrtYd) (width 0.05))
    (fp_line (start 2.25 2.62) (end 2.25 -2.62) (layer B.CrtYd) (width 0.05))
    (fp_line (start 2.25 -2.62) (end -2.25 -2.62) (layer B.CrtYd) (width 0.05))
    (pad 2 smd roundrect (at 1.475 0 180) (size 1.05 4.75) (layers B.Cu B.Paste B.Mask) (roundrect_rratio 0.238095)
      (net 38 "Net-(D10-Pad1)"))
    (pad 1 smd roundrect (at -1.475 0 180) (size 1.05 4.75) (layers B.Cu B.Paste B.Mask) (roundrect_rratio 0.238095)
      (net 41 "Net-(R14-Pad1)"))
    (model ${KISYS3DMOD}/Resistor_SMD.3dshapes/R_1218_3246Metric.wrl
      (at (xyz 0 0 0))
      (scale (xyz 1 1 1))
      (rotate (xyz 0 0 0))
    )
  )

  (module LED_THT:LED_D3.0mm (layer F.Cu) (tedit 587A3A7B) (tstamp 5FCB0883)
    (at 121.92 92.202 180)
    (descr "LED, diameter 3.0mm, 2 pins")
    (tags "LED diameter 3.0mm 2 pins")
    (path /5FCFCDAE)
    (fp_text reference D11 (at 1.27 -2.96) (layer F.SilkS)
      (effects (font (size 1 1) (thickness 0.15)))
    )
    (fp_text value LED (at 1.27 2.96) (layer F.Fab)
      (effects (font (size 1 1) (thickness 0.15)))
    )
    (fp_arc (start 1.27 0) (end 0.229039 1.08) (angle -87.9) (layer F.SilkS) (width 0.12))
    (fp_arc (start 1.27 0) (end 0.229039 -1.08) (angle 87.9) (layer F.SilkS) (width 0.12))
    (fp_arc (start 1.27 0) (end -0.29 1.235516) (angle -108.8) (layer F.SilkS) (width 0.12))
    (fp_arc (start 1.27 0) (end -0.29 -1.235516) (angle 108.8) (layer F.SilkS) (width 0.12))
    (fp_arc (start 1.27 0) (end -0.23 -1.16619) (angle 284.3) (layer F.Fab) (width 0.1))
    (fp_circle (center 1.27 0) (end 2.77 0) (layer F.Fab) (width 0.1))
    (fp_line (start -0.23 -1.16619) (end -0.23 1.16619) (layer F.Fab) (width 0.1))
    (fp_line (start -0.29 -1.236) (end -0.29 -1.08) (layer F.SilkS) (width 0.12))
    (fp_line (start -0.29 1.08) (end -0.29 1.236) (layer F.SilkS) (width 0.12))
    (fp_line (start -1.15 -2.25) (end -1.15 2.25) (layer F.CrtYd) (width 0.05))
    (fp_line (start -1.15 2.25) (end 3.7 2.25) (layer F.CrtYd) (width 0.05))
    (fp_line (start 3.7 2.25) (end 3.7 -2.25) (layer F.CrtYd) (width 0.05))
    (fp_line (start 3.7 -2.25) (end -1.15 -2.25) (layer F.CrtYd) (width 0.05))
    (pad 2 thru_hole circle (at 2.54 0 180) (size 1.8 1.8) (drill 0.9) (layers *.Cu *.Mask)
      (net 39 "Net-(D11-Pad2)"))
    (pad 1 thru_hole rect (at 0 0 180) (size 1.8 1.8) (drill 0.9) (layers *.Cu *.Mask)
      (net 40 "Net-(D11-Pad1)"))
    (model ${KISYS3DMOD}/LED_THT.3dshapes/LED_D3.0mm.wrl
      (at (xyz 0 0 0))
      (scale (xyz 1 1 1))
      (rotate (xyz 0 0 0))
    )
  )

  (module LED_THT:LED_D3.0mm (layer F.Cu) (tedit 587A3A7B) (tstamp 5FCB0870)
    (at 121.92 87.884 180)
    (descr "LED, diameter 3.0mm, 2 pins")
    (tags "LED diameter 3.0mm 2 pins")
    (path /5FD1DDC1)
    (fp_text reference D10 (at 1.27 -2.96) (layer F.SilkS)
      (effects (font (size 1 1) (thickness 0.15)))
    )
    (fp_text value LED (at 1.27 2.96) (layer F.Fab)
      (effects (font (size 1 1) (thickness 0.15)))
    )
    (fp_arc (start 1.27 0) (end 0.229039 1.08) (angle -87.9) (layer F.SilkS) (width 0.12))
    (fp_arc (start 1.27 0) (end 0.229039 -1.08) (angle 87.9) (layer F.SilkS) (width 0.12))
    (fp_arc (start 1.27 0) (end -0.29 1.235516) (angle -108.8) (layer F.SilkS) (width 0.12))
    (fp_arc (start 1.27 0) (end -0.29 -1.235516) (angle 108.8) (layer F.SilkS) (width 0.12))
    (fp_arc (start 1.27 0) (end -0.23 -1.16619) (angle 284.3) (layer F.Fab) (width 0.1))
    (fp_circle (center 1.27 0) (end 2.77 0) (layer F.Fab) (width 0.1))
    (fp_line (start -0.23 -1.16619) (end -0.23 1.16619) (layer F.Fab) (width 0.1))
    (fp_line (start -0.29 -1.236) (end -0.29 -1.08) (layer F.SilkS) (width 0.12))
    (fp_line (start -0.29 1.08) (end -0.29 1.236) (layer F.SilkS) (width 0.12))
    (fp_line (start -1.15 -2.25) (end -1.15 2.25) (layer F.CrtYd) (width 0.05))
    (fp_line (start -1.15 2.25) (end 3.7 2.25) (layer F.CrtYd) (width 0.05))
    (fp_line (start 3.7 2.25) (end 3.7 -2.25) (layer F.CrtYd) (width 0.05))
    (fp_line (start 3.7 -2.25) (end -1.15 -2.25) (layer F.CrtYd) (width 0.05))
    (pad 2 thru_hole circle (at 2.54 0 180) (size 1.8 1.8) (drill 0.9) (layers *.Cu *.Mask)
      (net 37 "Net-(D10-Pad2)"))
    (pad 1 thru_hole rect (at 0 0 180) (size 1.8 1.8) (drill 0.9) (layers *.Cu *.Mask)
      (net 38 "Net-(D10-Pad1)"))
    (model ${KISYS3DMOD}/LED_THT.3dshapes/LED_D3.0mm.wrl
      (at (xyz 0 0 0))
      (scale (xyz 1 1 1))
      (rotate (xyz 0 0 0))
    )
  )

  (module phase1:SOIC-8 (layer F.Cu) (tedit 0) (tstamp 5FCB420D)
    (at 116.224815 29.000203 135)
    (path /5FCBE8B5)
    (attr smd)
    (fp_text reference U4 (at -3.705 0 45) (layer F.SilkS)
      (effects (font (size 1 1) (thickness 0.15)))
    )
    (fp_text value ACS712 (at 0 0 135) (layer F.Fab)
      (effects (font (size 1 1) (thickness 0.15)))
    )
    (fp_line (start -1.905 4.2) (end -2.705 3.4) (layer F.SilkS) (width 0.12))
    (fp_line (start -2.705 3.4) (end -2.705 -4.2) (layer F.SilkS) (width 0.12))
    (fp_line (start -2.705 -4.2) (end 2.705 -4.2) (layer F.SilkS) (width 0.12))
    (fp_line (start 2.705 -4.2) (end 2.705 4.2) (layer F.SilkS) (width 0.12))
    (fp_line (start 2.705 4.2) (end -1.905 4.2) (layer F.SilkS) (width 0.12))
    (fp_line (start -2.46 -3.95) (end 2.46 -3.95) (layer F.CrtYd) (width 0.05))
    (fp_line (start 2.46 -3.95) (end 2.46 3.95) (layer F.CrtYd) (width 0.05))
    (fp_line (start 2.46 3.95) (end -2.46 3.95) (layer F.CrtYd) (width 0.05))
    (fp_line (start -2.46 3.95) (end -2.46 -3.95) (layer F.CrtYd) (width 0.05))
    (pad 4 smd rect (at 1.905 2.6 135) (size 0.6 2.2) (layers F.Cu F.Paste F.Mask)
      (net 1 COM))
    (pad 5 smd rect (at 1.905 -2.6 135) (size 0.6 2.2) (layers F.Cu F.Paste F.Mask)
      (net 1 COM))
    (pad 3 smd rect (at 0.635 2.6 135) (size 0.6 2.2) (layers F.Cu F.Paste F.Mask)
      (net 1 COM))
    (pad 6 smd rect (at 0.635 -2.6 135) (size 0.6 2.2) (layers F.Cu F.Paste F.Mask)
      (net 10 "Net-(C10-Pad1)"))
    (pad 2 smd rect (at -0.635 2.6 135) (size 0.6 2.2) (layers F.Cu F.Paste F.Mask)
      (net 1 COM))
    (pad 7 smd rect (at -0.635 -2.6 135) (size 0.6 2.2) (layers F.Cu F.Paste F.Mask)
      (net 33 CURRENT))
    (pad 1 smd rect (at -1.905 2.6 135) (size 0.6 2.2) (layers F.Cu F.Paste F.Mask)
      (net 1 COM))
    (pad 8 smd rect (at -1.905 -2.6 135) (size 0.6 2.2) (layers F.Cu F.Paste F.Mask)
      (net 9 "Net-(C9-Pad1)"))
  )

  (module Resistor_SMD:R_1210_3225Metric (layer B.Cu) (tedit 5B301BBD) (tstamp 5FCB3ED9)
    (at 107.188 65.024)
    (descr "Resistor SMD 1210 (3225 Metric), square (rectangular) end terminal, IPC_7351 nominal, (Body size source: http://www.tortai-tech.com/upload/download/2011102023233369053.pdf), generated with kicad-footprint-generator")
    (tags resistor)
    (path /5FCB225F)
    (attr smd)
    (fp_text reference R13 (at 0 2.28) (layer B.SilkS)
      (effects (font (size 1 1) (thickness 0.15)) (justify mirror))
    )
    (fp_text value 10k (at 0 -2.28) (layer B.Fab)
      (effects (font (size 1 1) (thickness 0.15)) (justify mirror))
    )
    (fp_line (start 2.28 -1.58) (end -2.28 -1.58) (layer B.CrtYd) (width 0.05))
    (fp_line (start 2.28 1.58) (end 2.28 -1.58) (layer B.CrtYd) (width 0.05))
    (fp_line (start -2.28 1.58) (end 2.28 1.58) (layer B.CrtYd) (width 0.05))
    (fp_line (start -2.28 -1.58) (end -2.28 1.58) (layer B.CrtYd) (width 0.05))
    (fp_line (start -0.602064 -1.36) (end 0.602064 -1.36) (layer B.SilkS) (width 0.12))
    (fp_line (start -0.602064 1.36) (end 0.602064 1.36) (layer B.SilkS) (width 0.12))
    (fp_line (start 1.6 -1.25) (end -1.6 -1.25) (layer B.Fab) (width 0.1))
    (fp_line (start 1.6 1.25) (end 1.6 -1.25) (layer B.Fab) (width 0.1))
    (fp_line (start -1.6 1.25) (end 1.6 1.25) (layer B.Fab) (width 0.1))
    (fp_line (start -1.6 -1.25) (end -1.6 1.25) (layer B.Fab) (width 0.1))
    (fp_text user %R (at 0 0) (layer B.Fab)
      (effects (font (size 0.8 0.8) (thickness 0.12)) (justify mirror))
    )
    (pad 2 smd roundrect (at 1.4 0) (size 1.25 2.65) (layers B.Cu B.Paste B.Mask) (roundrect_rratio 0.2)
      (net 13 5V))
    (pad 1 smd roundrect (at -1.4 0) (size 1.25 2.65) (layers B.Cu B.Paste B.Mask) (roundrect_rratio 0.2)
      (net 26 "Net-(R13-Pad1)"))
    (model ${KISYS3DMOD}/Resistor_SMD.3dshapes/R_1210_3225Metric.wrl
      (at (xyz 0 0 0))
      (scale (xyz 1 1 1))
      (rotate (xyz 0 0 0))
    )
  )

  (module Resistor_SMD:R_1210_3225Metric (layer F.Cu) (tedit 5B301BBD) (tstamp 5FCB42F6)
    (at 207.264 81.28)
    (descr "Resistor SMD 1210 (3225 Metric), square (rectangular) end terminal, IPC_7351 nominal, (Body size source: http://www.tortai-tech.com/upload/download/2011102023233369053.pdf), generated with kicad-footprint-generator")
    (tags resistor)
    (path /5FC9336E)
    (attr smd)
    (fp_text reference R9 (at 0 -2.28) (layer F.SilkS)
      (effects (font (size 1 1) (thickness 0.15)))
    )
    (fp_text value 100k (at 0 2.28) (layer F.Fab)
      (effects (font (size 1 1) (thickness 0.15)))
    )
    (fp_line (start 2.28 1.58) (end -2.28 1.58) (layer F.CrtYd) (width 0.05))
    (fp_line (start 2.28 -1.58) (end 2.28 1.58) (layer F.CrtYd) (width 0.05))
    (fp_line (start -2.28 -1.58) (end 2.28 -1.58) (layer F.CrtYd) (width 0.05))
    (fp_line (start -2.28 1.58) (end -2.28 -1.58) (layer F.CrtYd) (width 0.05))
    (fp_line (start -0.602064 1.36) (end 0.602064 1.36) (layer F.SilkS) (width 0.12))
    (fp_line (start -0.602064 -1.36) (end 0.602064 -1.36) (layer F.SilkS) (width 0.12))
    (fp_line (start 1.6 1.25) (end -1.6 1.25) (layer F.Fab) (width 0.1))
    (fp_line (start 1.6 -1.25) (end 1.6 1.25) (layer F.Fab) (width 0.1))
    (fp_line (start -1.6 -1.25) (end 1.6 -1.25) (layer F.Fab) (width 0.1))
    (fp_line (start -1.6 1.25) (end -1.6 -1.25) (layer F.Fab) (width 0.1))
    (fp_text user %R (at 0 0) (layer F.Fab)
      (effects (font (size 0.8 0.8) (thickness 0.12)))
    )
    (pad 2 smd roundrect (at 1.4 0) (size 1.25 2.65) (layers F.Cu F.Paste F.Mask) (roundrect_rratio 0.2)
      (net 1 COM))
    (pad 1 smd roundrect (at -1.4 0) (size 1.25 2.65) (layers F.Cu F.Paste F.Mask) (roundrect_rratio 0.2)
      (net 19 "Net-(Q6-Pad1)"))
    (model ${KISYS3DMOD}/Resistor_SMD.3dshapes/R_1210_3225Metric.wrl
      (at (xyz 0 0 0))
      (scale (xyz 1 1 1))
      (rotate (xyz 0 0 0))
    )
  )

  (module Resistor_SMD:R_1210_3225Metric (layer F.Cu) (tedit 5B301BBD) (tstamp 5FCB3F09)
    (at 176.022 80.518)
    (descr "Resistor SMD 1210 (3225 Metric), square (rectangular) end terminal, IPC_7351 nominal, (Body size source: http://www.tortai-tech.com/upload/download/2011102023233369053.pdf), generated with kicad-footprint-generator")
    (tags resistor)
    (path /5FC8BF23)
    (attr smd)
    (fp_text reference R8 (at 0 -2.28) (layer F.SilkS)
      (effects (font (size 1 1) (thickness 0.15)))
    )
    (fp_text value 100k (at 0 2.28) (layer F.Fab)
      (effects (font (size 1 1) (thickness 0.15)))
    )
    (fp_line (start 2.28 1.58) (end -2.28 1.58) (layer F.CrtYd) (width 0.05))
    (fp_line (start 2.28 -1.58) (end 2.28 1.58) (layer F.CrtYd) (width 0.05))
    (fp_line (start -2.28 -1.58) (end 2.28 -1.58) (layer F.CrtYd) (width 0.05))
    (fp_line (start -2.28 1.58) (end -2.28 -1.58) (layer F.CrtYd) (width 0.05))
    (fp_line (start -0.602064 1.36) (end 0.602064 1.36) (layer F.SilkS) (width 0.12))
    (fp_line (start -0.602064 -1.36) (end 0.602064 -1.36) (layer F.SilkS) (width 0.12))
    (fp_line (start 1.6 1.25) (end -1.6 1.25) (layer F.Fab) (width 0.1))
    (fp_line (start 1.6 -1.25) (end 1.6 1.25) (layer F.Fab) (width 0.1))
    (fp_line (start -1.6 -1.25) (end 1.6 -1.25) (layer F.Fab) (width 0.1))
    (fp_line (start -1.6 1.25) (end -1.6 -1.25) (layer F.Fab) (width 0.1))
    (fp_text user %R (at 0 0) (layer F.Fab)
      (effects (font (size 0.8 0.8) (thickness 0.12)))
    )
    (pad 2 smd roundrect (at 1.4 0) (size 1.25 2.65) (layers F.Cu F.Paste F.Mask) (roundrect_rratio 0.2)
      (net 1 COM))
    (pad 1 smd roundrect (at -1.4 0) (size 1.25 2.65) (layers F.Cu F.Paste F.Mask) (roundrect_rratio 0.2)
      (net 17 "Net-(Q4-Pad1)"))
    (model ${KISYS3DMOD}/Resistor_SMD.3dshapes/R_1210_3225Metric.wrl
      (at (xyz 0 0 0))
      (scale (xyz 1 1 1))
      (rotate (xyz 0 0 0))
    )
  )

  (module Resistor_SMD:R_1210_3225Metric (layer F.Cu) (tedit 5B301BBD) (tstamp 5FCB4356)
    (at 146.304 81.534)
    (descr "Resistor SMD 1210 (3225 Metric), square (rectangular) end terminal, IPC_7351 nominal, (Body size source: http://www.tortai-tech.com/upload/download/2011102023233369053.pdf), generated with kicad-footprint-generator")
    (tags resistor)
    (path /5FC79A2F)
    (attr smd)
    (fp_text reference R7 (at 0 -2.28) (layer F.SilkS)
      (effects (font (size 1 1) (thickness 0.15)))
    )
    (fp_text value 100k (at 0 2.28) (layer F.Fab)
      (effects (font (size 1 1) (thickness 0.15)))
    )
    (fp_line (start 2.28 1.58) (end -2.28 1.58) (layer F.CrtYd) (width 0.05))
    (fp_line (start 2.28 -1.58) (end 2.28 1.58) (layer F.CrtYd) (width 0.05))
    (fp_line (start -2.28 -1.58) (end 2.28 -1.58) (layer F.CrtYd) (width 0.05))
    (fp_line (start -2.28 1.58) (end -2.28 -1.58) (layer F.CrtYd) (width 0.05))
    (fp_line (start -0.602064 1.36) (end 0.602064 1.36) (layer F.SilkS) (width 0.12))
    (fp_line (start -0.602064 -1.36) (end 0.602064 -1.36) (layer F.SilkS) (width 0.12))
    (fp_line (start 1.6 1.25) (end -1.6 1.25) (layer F.Fab) (width 0.1))
    (fp_line (start 1.6 -1.25) (end 1.6 1.25) (layer F.Fab) (width 0.1))
    (fp_line (start -1.6 -1.25) (end 1.6 -1.25) (layer F.Fab) (width 0.1))
    (fp_line (start -1.6 1.25) (end -1.6 -1.25) (layer F.Fab) (width 0.1))
    (fp_text user %R (at 0 0) (layer F.Fab)
      (effects (font (size 0.8 0.8) (thickness 0.12)))
    )
    (pad 2 smd roundrect (at 1.4 0) (size 1.25 2.65) (layers F.Cu F.Paste F.Mask) (roundrect_rratio 0.2)
      (net 1 COM))
    (pad 1 smd roundrect (at -1.4 0) (size 1.25 2.65) (layers F.Cu F.Paste F.Mask) (roundrect_rratio 0.2)
      (net 15 "Net-(Q2-Pad1)"))
    (model ${KISYS3DMOD}/Resistor_SMD.3dshapes/R_1210_3225Metric.wrl
      (at (xyz 0 0 0))
      (scale (xyz 1 1 1))
      (rotate (xyz 0 0 0))
    )
  )

  (module Resistor_SMD:R_1210_3225Metric (layer B.Cu) (tedit 5B301BBD) (tstamp 5FCB3F6C)
    (at 200.914 78.994 90)
    (descr "Resistor SMD 1210 (3225 Metric), square (rectangular) end terminal, IPC_7351 nominal, (Body size source: http://www.tortai-tech.com/upload/download/2011102023233369053.pdf), generated with kicad-footprint-generator")
    (tags resistor)
    (path /5FC93368)
    (attr smd)
    (fp_text reference R6 (at 0 2.28 90) (layer B.SilkS)
      (effects (font (size 1 1) (thickness 0.15)) (justify mirror))
    )
    (fp_text value 5 (at 0 -2.28 90) (layer B.Fab)
      (effects (font (size 1 1) (thickness 0.15)) (justify mirror))
    )
    (fp_line (start 2.28 -1.58) (end -2.28 -1.58) (layer B.CrtYd) (width 0.05))
    (fp_line (start 2.28 1.58) (end 2.28 -1.58) (layer B.CrtYd) (width 0.05))
    (fp_line (start -2.28 1.58) (end 2.28 1.58) (layer B.CrtYd) (width 0.05))
    (fp_line (start -2.28 -1.58) (end -2.28 1.58) (layer B.CrtYd) (width 0.05))
    (fp_line (start -0.602064 -1.36) (end 0.602064 -1.36) (layer B.SilkS) (width 0.12))
    (fp_line (start -0.602064 1.36) (end 0.602064 1.36) (layer B.SilkS) (width 0.12))
    (fp_line (start 1.6 -1.25) (end -1.6 -1.25) (layer B.Fab) (width 0.1))
    (fp_line (start 1.6 1.25) (end 1.6 -1.25) (layer B.Fab) (width 0.1))
    (fp_line (start -1.6 1.25) (end 1.6 1.25) (layer B.Fab) (width 0.1))
    (fp_line (start -1.6 -1.25) (end -1.6 1.25) (layer B.Fab) (width 0.1))
    (fp_text user %R (at 0 0 90) (layer B.Fab)
      (effects (font (size 0.8 0.8) (thickness 0.12)) (justify mirror))
    )
    (pad 2 smd roundrect (at 1.4 0 90) (size 1.25 2.65) (layers B.Cu B.Paste B.Mask) (roundrect_rratio 0.2)
      (net 25 "Net-(R6-Pad2)"))
    (pad 1 smd roundrect (at -1.4 0 90) (size 1.25 2.65) (layers B.Cu B.Paste B.Mask) (roundrect_rratio 0.2)
      (net 19 "Net-(Q6-Pad1)"))
    (model ${KISYS3DMOD}/Resistor_SMD.3dshapes/R_1210_3225Metric.wrl
      (at (xyz 0 0 0))
      (scale (xyz 1 1 1))
      (rotate (xyz 0 0 0))
    )
  )

  (module Resistor_SMD:R_1210_3225Metric (layer B.Cu) (tedit 5B301BBD) (tstamp 5FCB3F39)
    (at 169.672 77.47 90)
    (descr "Resistor SMD 1210 (3225 Metric), square (rectangular) end terminal, IPC_7351 nominal, (Body size source: http://www.tortai-tech.com/upload/download/2011102023233369053.pdf), generated with kicad-footprint-generator")
    (tags resistor)
    (path /5FC8BF1D)
    (attr smd)
    (fp_text reference R4 (at 0 2.28 270) (layer B.SilkS)
      (effects (font (size 1 1) (thickness 0.15)) (justify mirror))
    )
    (fp_text value 5 (at 0 -2.28 270) (layer B.Fab)
      (effects (font (size 1 1) (thickness 0.15)) (justify mirror))
    )
    (fp_line (start 2.28 -1.58) (end -2.28 -1.58) (layer B.CrtYd) (width 0.05))
    (fp_line (start 2.28 1.58) (end 2.28 -1.58) (layer B.CrtYd) (width 0.05))
    (fp_line (start -2.28 1.58) (end 2.28 1.58) (layer B.CrtYd) (width 0.05))
    (fp_line (start -2.28 -1.58) (end -2.28 1.58) (layer B.CrtYd) (width 0.05))
    (fp_line (start -0.602064 -1.36) (end 0.602064 -1.36) (layer B.SilkS) (width 0.12))
    (fp_line (start -0.602064 1.36) (end 0.602064 1.36) (layer B.SilkS) (width 0.12))
    (fp_line (start 1.6 -1.25) (end -1.6 -1.25) (layer B.Fab) (width 0.1))
    (fp_line (start 1.6 1.25) (end 1.6 -1.25) (layer B.Fab) (width 0.1))
    (fp_line (start -1.6 1.25) (end 1.6 1.25) (layer B.Fab) (width 0.1))
    (fp_line (start -1.6 -1.25) (end -1.6 1.25) (layer B.Fab) (width 0.1))
    (fp_text user %R (at 0 0 270) (layer B.Fab)
      (effects (font (size 0.8 0.8) (thickness 0.12)) (justify mirror))
    )
    (pad 2 smd roundrect (at 1.4 0 90) (size 1.25 2.65) (layers B.Cu B.Paste B.Mask) (roundrect_rratio 0.2)
      (net 23 "Net-(R4-Pad2)"))
    (pad 1 smd roundrect (at -1.4 0 90) (size 1.25 2.65) (layers B.Cu B.Paste B.Mask) (roundrect_rratio 0.2)
      (net 17 "Net-(Q4-Pad1)"))
    (model ${KISYS3DMOD}/Resistor_SMD.3dshapes/R_1210_3225Metric.wrl
      (at (xyz 0 0 0))
      (scale (xyz 1 1 1))
      (rotate (xyz 0 0 0))
    )
  )

  (module Resistor_SMD:R_1210_3225Metric (layer B.Cu) (tedit 5B301BBD) (tstamp 5FCB4386)
    (at 139.7 76.708 90)
    (descr "Resistor SMD 1210 (3225 Metric), square (rectangular) end terminal, IPC_7351 nominal, (Body size source: http://www.tortai-tech.com/upload/download/2011102023233369053.pdf), generated with kicad-footprint-generator")
    (tags resistor)
    (path /5FC78D2F)
    (attr smd)
    (fp_text reference R2 (at 0 2.28 270) (layer B.SilkS)
      (effects (font (size 1 1) (thickness 0.15)) (justify mirror))
    )
    (fp_text value 5 (at 0 -2.28 270) (layer B.Fab)
      (effects (font (size 1 1) (thickness 0.15)) (justify mirror))
    )
    (fp_line (start 2.28 -1.58) (end -2.28 -1.58) (layer B.CrtYd) (width 0.05))
    (fp_line (start 2.28 1.58) (end 2.28 -1.58) (layer B.CrtYd) (width 0.05))
    (fp_line (start -2.28 1.58) (end 2.28 1.58) (layer B.CrtYd) (width 0.05))
    (fp_line (start -2.28 -1.58) (end -2.28 1.58) (layer B.CrtYd) (width 0.05))
    (fp_line (start -0.602064 -1.36) (end 0.602064 -1.36) (layer B.SilkS) (width 0.12))
    (fp_line (start -0.602064 1.36) (end 0.602064 1.36) (layer B.SilkS) (width 0.12))
    (fp_line (start 1.6 -1.25) (end -1.6 -1.25) (layer B.Fab) (width 0.1))
    (fp_line (start 1.6 1.25) (end 1.6 -1.25) (layer B.Fab) (width 0.1))
    (fp_line (start -1.6 1.25) (end 1.6 1.25) (layer B.Fab) (width 0.1))
    (fp_line (start -1.6 -1.25) (end -1.6 1.25) (layer B.Fab) (width 0.1))
    (fp_text user %R (at 0 0 270) (layer B.Fab)
      (effects (font (size 0.8 0.8) (thickness 0.12)) (justify mirror))
    )
    (pad 2 smd roundrect (at 1.4 0 90) (size 1.25 2.65) (layers B.Cu B.Paste B.Mask) (roundrect_rratio 0.2)
      (net 21 "Net-(R2-Pad2)"))
    (pad 1 smd roundrect (at -1.4 0 90) (size 1.25 2.65) (layers B.Cu B.Paste B.Mask) (roundrect_rratio 0.2)
      (net 15 "Net-(Q2-Pad1)"))
    (model ${KISYS3DMOD}/Resistor_SMD.3dshapes/R_1210_3225Metric.wrl
      (at (xyz 0 0 0))
      (scale (xyz 1 1 1))
      (rotate (xyz 0 0 0))
    )
  )

  (module Resistor_SMD:R_1210_3225Metric (layer B.Cu) (tedit 5B301BBD) (tstamp 5FCB3C87)
    (at 207.264 55.118)
    (descr "Resistor SMD 1210 (3225 Metric), square (rectangular) end terminal, IPC_7351 nominal, (Body size source: http://www.tortai-tech.com/upload/download/2011102023233369053.pdf), generated with kicad-footprint-generator")
    (tags resistor)
    (path /5FC93338)
    (attr smd)
    (fp_text reference R12 (at 0 2.28) (layer B.SilkS)
      (effects (font (size 1 1) (thickness 0.15)) (justify mirror))
    )
    (fp_text value 100k (at 0 -2.28) (layer B.Fab)
      (effects (font (size 1 1) (thickness 0.15)) (justify mirror))
    )
    (fp_line (start 2.28 -1.58) (end -2.28 -1.58) (layer B.CrtYd) (width 0.05))
    (fp_line (start 2.28 1.58) (end 2.28 -1.58) (layer B.CrtYd) (width 0.05))
    (fp_line (start -2.28 1.58) (end 2.28 1.58) (layer B.CrtYd) (width 0.05))
    (fp_line (start -2.28 -1.58) (end -2.28 1.58) (layer B.CrtYd) (width 0.05))
    (fp_line (start -0.602064 -1.36) (end 0.602064 -1.36) (layer B.SilkS) (width 0.12))
    (fp_line (start -0.602064 1.36) (end 0.602064 1.36) (layer B.SilkS) (width 0.12))
    (fp_line (start 1.6 -1.25) (end -1.6 -1.25) (layer B.Fab) (width 0.1))
    (fp_line (start 1.6 1.25) (end 1.6 -1.25) (layer B.Fab) (width 0.1))
    (fp_line (start -1.6 1.25) (end 1.6 1.25) (layer B.Fab) (width 0.1))
    (fp_line (start -1.6 -1.25) (end -1.6 1.25) (layer B.Fab) (width 0.1))
    (fp_text user %R (at 0 0) (layer B.Fab)
      (effects (font (size 0.8 0.8) (thickness 0.12)) (justify mirror))
    )
    (pad 2 smd roundrect (at 1.4 0) (size 1.25 2.65) (layers B.Cu B.Paste B.Mask) (roundrect_rratio 0.2)
      (net 7 PHASEC))
    (pad 1 smd roundrect (at -1.4 0) (size 1.25 2.65) (layers B.Cu B.Paste B.Mask) (roundrect_rratio 0.2)
      (net 18 "Net-(Q5-Pad1)"))
    (model ${KISYS3DMOD}/Resistor_SMD.3dshapes/R_1210_3225Metric.wrl
      (at (xyz 0 0 0))
      (scale (xyz 1 1 1))
      (rotate (xyz 0 0 0))
    )
  )

  (module Resistor_SMD:R_1210_3225Metric (layer B.Cu) (tedit 5B301BBD) (tstamp 5FCB3CB7)
    (at 200.152 52.324 270)
    (descr "Resistor SMD 1210 (3225 Metric), square (rectangular) end terminal, IPC_7351 nominal, (Body size source: http://www.tortai-tech.com/upload/download/2011102023233369053.pdf), generated with kicad-footprint-generator")
    (tags resistor)
    (path /5FC93332)
    (attr smd)
    (fp_text reference R5 (at 0 2.28 270) (layer B.SilkS)
      (effects (font (size 1 1) (thickness 0.15)) (justify mirror))
    )
    (fp_text value 5 (at 0 -2.28 270) (layer B.Fab)
      (effects (font (size 1 1) (thickness 0.15)) (justify mirror))
    )
    (fp_line (start 2.28 -1.58) (end -2.28 -1.58) (layer B.CrtYd) (width 0.05))
    (fp_line (start 2.28 1.58) (end 2.28 -1.58) (layer B.CrtYd) (width 0.05))
    (fp_line (start -2.28 1.58) (end 2.28 1.58) (layer B.CrtYd) (width 0.05))
    (fp_line (start -2.28 -1.58) (end -2.28 1.58) (layer B.CrtYd) (width 0.05))
    (fp_line (start -0.602064 -1.36) (end 0.602064 -1.36) (layer B.SilkS) (width 0.12))
    (fp_line (start -0.602064 1.36) (end 0.602064 1.36) (layer B.SilkS) (width 0.12))
    (fp_line (start 1.6 -1.25) (end -1.6 -1.25) (layer B.Fab) (width 0.1))
    (fp_line (start 1.6 1.25) (end 1.6 -1.25) (layer B.Fab) (width 0.1))
    (fp_line (start -1.6 1.25) (end 1.6 1.25) (layer B.Fab) (width 0.1))
    (fp_line (start -1.6 -1.25) (end -1.6 1.25) (layer B.Fab) (width 0.1))
    (fp_text user %R (at 0 0 270) (layer B.Fab)
      (effects (font (size 0.8 0.8) (thickness 0.12)) (justify mirror))
    )
    (pad 2 smd roundrect (at 1.4 0 270) (size 1.25 2.65) (layers B.Cu B.Paste B.Mask) (roundrect_rratio 0.2)
      (net 24 "Net-(R5-Pad2)"))
    (pad 1 smd roundrect (at -1.4 0 270) (size 1.25 2.65) (layers B.Cu B.Paste B.Mask) (roundrect_rratio 0.2)
      (net 18 "Net-(Q5-Pad1)"))
    (model ${KISYS3DMOD}/Resistor_SMD.3dshapes/R_1210_3225Metric.wrl
      (at (xyz 0 0 0))
      (scale (xyz 1 1 1))
      (rotate (xyz 0 0 0))
    )
  )

  (module Resistor_SMD:R_1210_3225Metric (layer B.Cu) (tedit 5B301BBD) (tstamp 5FCB3D17)
    (at 175.006 54.356)
    (descr "Resistor SMD 1210 (3225 Metric), square (rectangular) end terminal, IPC_7351 nominal, (Body size source: http://www.tortai-tech.com/upload/download/2011102023233369053.pdf), generated with kicad-footprint-generator")
    (tags resistor)
    (path /5FC8BEED)
    (attr smd)
    (fp_text reference R11 (at 0 2.28) (layer B.SilkS)
      (effects (font (size 1 1) (thickness 0.15)) (justify mirror))
    )
    (fp_text value 100k (at 0 -2.28) (layer B.Fab)
      (effects (font (size 1 1) (thickness 0.15)) (justify mirror))
    )
    (fp_line (start 2.28 -1.58) (end -2.28 -1.58) (layer B.CrtYd) (width 0.05))
    (fp_line (start 2.28 1.58) (end 2.28 -1.58) (layer B.CrtYd) (width 0.05))
    (fp_line (start -2.28 1.58) (end 2.28 1.58) (layer B.CrtYd) (width 0.05))
    (fp_line (start -2.28 -1.58) (end -2.28 1.58) (layer B.CrtYd) (width 0.05))
    (fp_line (start -0.602064 -1.36) (end 0.602064 -1.36) (layer B.SilkS) (width 0.12))
    (fp_line (start -0.602064 1.36) (end 0.602064 1.36) (layer B.SilkS) (width 0.12))
    (fp_line (start 1.6 -1.25) (end -1.6 -1.25) (layer B.Fab) (width 0.1))
    (fp_line (start 1.6 1.25) (end 1.6 -1.25) (layer B.Fab) (width 0.1))
    (fp_line (start -1.6 1.25) (end 1.6 1.25) (layer B.Fab) (width 0.1))
    (fp_line (start -1.6 -1.25) (end -1.6 1.25) (layer B.Fab) (width 0.1))
    (fp_text user %R (at 0 0) (layer B.Fab)
      (effects (font (size 0.8 0.8) (thickness 0.12)) (justify mirror))
    )
    (pad 2 smd roundrect (at 1.4 0) (size 1.25 2.65) (layers B.Cu B.Paste B.Mask) (roundrect_rratio 0.2)
      (net 5 PHASEB))
    (pad 1 smd roundrect (at -1.4 0) (size 1.25 2.65) (layers B.Cu B.Paste B.Mask) (roundrect_rratio 0.2)
      (net 16 "Net-(Q3-Pad1)"))
    (model ${KISYS3DMOD}/Resistor_SMD.3dshapes/R_1210_3225Metric.wrl
      (at (xyz 0 0 0))
      (scale (xyz 1 1 1))
      (rotate (xyz 0 0 0))
    )
  )

  (module Resistor_SMD:R_1210_3225Metric (layer B.Cu) (tedit 5B301BBD) (tstamp 5FCB3CE7)
    (at 168.402 51.562 270)
    (descr "Resistor SMD 1210 (3225 Metric), square (rectangular) end terminal, IPC_7351 nominal, (Body size source: http://www.tortai-tech.com/upload/download/2011102023233369053.pdf), generated with kicad-footprint-generator")
    (tags resistor)
    (path /5FC8BEE7)
    (attr smd)
    (fp_text reference R3 (at 0 2.28 90) (layer B.SilkS)
      (effects (font (size 1 1) (thickness 0.15)) (justify mirror))
    )
    (fp_text value 5 (at 0 -2.28 90) (layer B.Fab)
      (effects (font (size 1 1) (thickness 0.15)) (justify mirror))
    )
    (fp_line (start 2.28 -1.58) (end -2.28 -1.58) (layer B.CrtYd) (width 0.05))
    (fp_line (start 2.28 1.58) (end 2.28 -1.58) (layer B.CrtYd) (width 0.05))
    (fp_line (start -2.28 1.58) (end 2.28 1.58) (layer B.CrtYd) (width 0.05))
    (fp_line (start -2.28 -1.58) (end -2.28 1.58) (layer B.CrtYd) (width 0.05))
    (fp_line (start -0.602064 -1.36) (end 0.602064 -1.36) (layer B.SilkS) (width 0.12))
    (fp_line (start -0.602064 1.36) (end 0.602064 1.36) (layer B.SilkS) (width 0.12))
    (fp_line (start 1.6 -1.25) (end -1.6 -1.25) (layer B.Fab) (width 0.1))
    (fp_line (start 1.6 1.25) (end 1.6 -1.25) (layer B.Fab) (width 0.1))
    (fp_line (start -1.6 1.25) (end 1.6 1.25) (layer B.Fab) (width 0.1))
    (fp_line (start -1.6 -1.25) (end -1.6 1.25) (layer B.Fab) (width 0.1))
    (fp_text user %R (at 0 0 90) (layer F.Fab)
      (effects (font (size 0.8 0.8) (thickness 0.12)))
    )
    (pad 2 smd roundrect (at 1.4 0 270) (size 1.25 2.65) (layers B.Cu B.Paste B.Mask) (roundrect_rratio 0.2)
      (net 22 "Net-(R3-Pad2)"))
    (pad 1 smd roundrect (at -1.4 0 270) (size 1.25 2.65) (layers B.Cu B.Paste B.Mask) (roundrect_rratio 0.2)
      (net 16 "Net-(Q3-Pad1)"))
    (model ${KISYS3DMOD}/Resistor_SMD.3dshapes/R_1210_3225Metric.wrl
      (at (xyz 0 0 0))
      (scale (xyz 1 1 1))
      (rotate (xyz 0 0 0))
    )
  )

  (module Resistor_SMD:R_1210_3225Metric (layer B.Cu) (tedit 5B301BBD) (tstamp 5FCB4326)
    (at 145.926 55.118)
    (descr "Resistor SMD 1210 (3225 Metric), square (rectangular) end terminal, IPC_7351 nominal, (Body size source: http://www.tortai-tech.com/upload/download/2011102023233369053.pdf), generated with kicad-footprint-generator")
    (tags resistor)
    (path /5FC72DD1)
    (attr smd)
    (fp_text reference R10 (at 0 2.28) (layer B.SilkS)
      (effects (font (size 1 1) (thickness 0.15)) (justify mirror))
    )
    (fp_text value 100k (at 0 -2.28) (layer B.Fab)
      (effects (font (size 1 1) (thickness 0.15)) (justify mirror))
    )
    (fp_line (start 2.28 -1.58) (end -2.28 -1.58) (layer B.CrtYd) (width 0.05))
    (fp_line (start 2.28 1.58) (end 2.28 -1.58) (layer B.CrtYd) (width 0.05))
    (fp_line (start -2.28 1.58) (end 2.28 1.58) (layer B.CrtYd) (width 0.05))
