(kicad_pcb (version 20171130) (host pcbnew "(5.1.6)-1")

  (general
    (thickness 1.6)
    (drawings 8)
    (tracks 400)
    (zones 0)
    (modules 50)
    (nets 56)
  )

  (page A4)
  (layers
    (0 F.Cu signal)
    (31 B.Cu signal)
    (32 B.Adhes user)
    (33 F.Adhes user)
    (34 B.Paste user)
    (35 F.Paste user)
    (36 B.SilkS user)
    (37 F.SilkS user)
    (38 B.Mask user)
    (39 F.Mask user)
    (40 Dwgs.User user)
    (41 Cmts.User user)
    (42 Eco1.User user)
    (43 Eco2.User user)
    (44 Edge.Cuts user)
    (45 Margin user)
    (46 B.CrtYd user)
    (47 F.CrtYd user)
    (48 B.Fab user)
    (49 F.Fab user)
  )

  (setup
    (last_trace_width 1.5)
    (user_trace_width 0.9)
    (user_trace_width 1.5)
    (user_trace_width 2.5)
    (trace_clearance 0.2)
    (zone_clearance 0.508)
    (zone_45_only no)
    (trace_min 0.2)
    (via_size 0.8)
    (via_drill 0.4)
    (via_min_size 0.4)
    (via_min_drill 0.3)
    (user_via 2 0.8)
    (uvia_size 0.3)
    (uvia_drill 0.1)
    (uvias_allowed no)
    (uvia_min_size 0.2)
    (uvia_min_drill 0.1)
    (edge_width 0.05)
    (segment_width 0.2)
    (pcb_text_width 0.3)
    (pcb_text_size 1.5 1.5)
    (mod_edge_width 0.12)
    (mod_text_size 1 1)
    (mod_text_width 0.15)
    (pad_size 1.524 1.524)
    (pad_drill 0.762)
    (pad_to_mask_clearance 0.05)
    (aux_axis_origin 0 0)
    (visible_elements 7FFFFFFF)
    (pcbplotparams
      (layerselection 0x010fc_ffffffff)
      (usegerberextensions false)
      (usegerberattributes true)
      (usegerberadvancedattributes true)
      (creategerberjobfile true)
      (excludeedgelayer true)
      (linewidth 0.100000)
      (plotframeref false)
      (viasonmask false)
      (mode 1)
      (useauxorigin false)
      (hpglpennumber 1)
      (hpglpenspeed 20)
      (hpglpendiameter 15.000000)
      (psnegative false)
      (psa4output false)
      (plotreference true)
      (plotvalue true)
      (plotinvisibletext false)
      (padsonsilk false)
      (subtractmaskfromsilk false)
      (outputformat 1)
      (mirror false)
      (drillshape 1)
      (scaleselection 1)
      (outputdirectory ""))
  )

  (net 0 "")
  (net 1 COM)
  (net 2 12V)
  (net 3 PHASEA)
  (net 4 "Net-(C4-Pad1)")
  (net 5 PHASEB)
  (net 6 "Net-(C5-Pad1)")
  (net 7 PHASEC)
  (net 8 "Net-(C6-Pad1)")
  (net 9 "Net-(C8-Pad1)")
  (net 10 "Net-(C9-Pad1)")
  (net 11 "Net-(C10-Pad1)")
  (net 12 "Net-(C12-Pad1)")
  (net 13 "Net-(C13-Pad2)")
  (net 14 5V)
  (net 15 "Net-(Q1-Pad1)")
  (net 16 "Net-(Q2-Pad1)")
  (net 17 "Net-(Q3-Pad1)")
  (net 18 "Net-(Q4-Pad1)")
  (net 19 "Net-(Q5-Pad1)")
  (net 20 "Net-(Q6-Pad1)")
  (net 21 "Net-(R1-Pad2)")
  (net 22 "Net-(R2-Pad2)")
  (net 23 "Net-(R3-Pad2)")
  (net 24 "Net-(R4-Pad2)")
  (net 25 "Net-(R5-Pad2)")
  (net 26 "Net-(R6-Pad2)")
  (net 27 "Net-(R13-Pad1)")
  (net 28 ~LINA)
  (net 29 ~HINA)
  (net 30 ~LINB)
  (net 31 ~HINB)
  (net 32 ~LINC)
  (net 33 ~HINC)
  (net 34 CURRENT)
  (net 35 "Net-(U6-Pad14)")
  (net 36 "Net-(U6-Pad15)")
  (net 37 "Net-(U6-Pad13)")
  (net 38 "Net-(U6-Pad16)")
  (net 39 "Net-(U6-Pad12)")
  (net 40 "Net-(U6-Pad17)")
  (net 41 "Net-(U6-Pad11)")
  (net 42 "Net-(U6-Pad18)")
  (net 43 "Net-(U6-Pad19)")
  (net 44 "Net-(U6-Pad22)")
  (net 45 "Net-(U6-Pad6)")
  (net 46 "Net-(U6-Pad23)")
  (net 47 "Net-(U6-Pad5)")
  (net 48 "Net-(U6-Pad24)")
  (net 49 "Net-(U6-Pad4)")
  (net 50 "Net-(U6-Pad25)")
  (net 51 "Net-(U6-Pad3)")
  (net 52 "Net-(U6-Pad26)")
  (net 53 "Net-(U6-Pad2)")
  (net 54 "Net-(U6-Pad27)")
  (net 55 "Net-(U6-Pad28)")

  (net_class Default "This is the default net class."
    (clearance 0.2)
    (trace_width 0.25)
    (via_dia 0.8)
    (via_drill 0.4)
    (uvia_dia 0.3)
    (uvia_drill 0.1)
    (add_net 12V)
    (add_net 5V)
    (add_net COM)
    (add_net CURRENT)
    (add_net "Net-(C10-Pad1)")
    (add_net "Net-(C12-Pad1)")
    (add_net "Net-(C13-Pad2)")
    (add_net "Net-(C4-Pad1)")
    (add_net "Net-(C5-Pad1)")
    (add_net "Net-(C6-Pad1)")
    (add_net "Net-(C8-Pad1)")
    (add_net "Net-(C9-Pad1)")
    (add_net "Net-(Q1-Pad1)")
    (add_net "Net-(Q2-Pad1)")
    (add_net "Net-(Q3-Pad1)")
    (add_net "Net-(Q4-Pad1)")
    (add_net "Net-(Q5-Pad1)")
    (add_net "Net-(Q6-Pad1)")
    (add_net "Net-(R1-Pad2)")
    (add_net "Net-(R13-Pad1)")
    (add_net "Net-(R2-Pad2)")
    (add_net "Net-(R3-Pad2)")
    (add_net "Net-(R4-Pad2)")
    (add_net "Net-(R5-Pad2)")
    (add_net "Net-(R6-Pad2)")
    (add_net "Net-(U6-Pad11)")
    (add_net "Net-(U6-Pad12)")
    (add_net "Net-(U6-Pad13)")
    (add_net "Net-(U6-Pad14)")
    (add_net "Net-(U6-Pad15)")
    (add_net "Net-(U6-Pad16)")
    (add_net "Net-(U6-Pad17)")
    (add_net "Net-(U6-Pad18)")
    (add_net "Net-(U6-Pad19)")
    (add_net "Net-(U6-Pad2)")
    (add_net "Net-(U6-Pad22)")
    (add_net "Net-(U6-Pad23)")
    (add_net "Net-(U6-Pad24)")
    (add_net "Net-(U6-Pad25)")
    (add_net "Net-(U6-Pad26)")
    (add_net "Net-(U6-Pad27)")
    (add_net "Net-(U6-Pad28)")
    (add_net "Net-(U6-Pad3)")
    (add_net "Net-(U6-Pad4)")
    (add_net "Net-(U6-Pad5)")
    (add_net "Net-(U6-Pad6)")
    (add_net PHASEA)
    (add_net PHASEB)
    (add_net PHASEC)
    (add_net ~HINA)
    (add_net ~HINB)
    (add_net ~HINC)
    (add_net ~LINA)
    (add_net ~LINB)
    (add_net ~LINC)
  )

  (module Resistor_SMD:R_1210_3225Metric (layer B.Cu) (tedit 5B301BBD) (tstamp 5FCB3ED9)
    (at 109.728 55.118)
    (descr "Resistor SMD 1210 (3225 Metric), square (rectangular) end terminal, IPC_7351 nominal, (Body size source: http://www.tortai-tech.com/upload/download/2011102023233369053.pdf), generated with kicad-footprint-generator")
    (tags resistor)
    (path /5FCB225F)
    (attr smd)
    (fp_text reference R13 (at 0 2.28) (layer B.SilkS)
      (effects (font (size 1 1) (thickness 0.15)) (justify mirror))
    )
    (fp_text value 10k (at 0 -2.28) (layer B.Fab)
      (effects (font (size 1 1) (thickness 0.15)) (justify mirror))
    )
    (fp_text user %R (at 0 0) (layer B.Fab)
      (effects (font (size 0.8 0.8) (thickness 0.12)) (justify mirror))
    )
    (fp_line (start -1.6 -1.25) (end -1.6 1.25) (layer B.Fab) (width 0.1))
    (fp_line (start -1.6 1.25) (end 1.6 1.25) (layer B.Fab) (width 0.1))
    (fp_line (start 1.6 1.25) (end 1.6 -1.25) (layer B.Fab) (width 0.1))
    (fp_line (start 1.6 -1.25) (end -1.6 -1.25) (layer B.Fab) (width 0.1))
    (fp_line (start -0.602064 1.36) (end 0.602064 1.36) (layer B.SilkS) (width 0.12))
    (fp_line (start -0.602064 -1.36) (end 0.602064 -1.36) (layer B.SilkS) (width 0.12))
    (fp_line (start -2.28 -1.58) (end -2.28 1.58) (layer B.CrtYd) (width 0.05))
    (fp_line (start -2.28 1.58) (end 2.28 1.58) (layer B.CrtYd) (width 0.05))
    (fp_line (start 2.28 1.58) (end 2.28 -1.58) (layer B.CrtYd) (width 0.05))
    (fp_line (start 2.28 -1.58) (end -2.28 -1.58) (layer B.CrtYd) (width 0.05))
    (pad 2 smd roundrect (at 1.4 0) (size 1.25 2.65) (layers B.Cu B.Paste B.Mask) (roundrect_rratio 0.2)
      (net 14 5V))
    (pad 1 smd roundrect (at -1.4 0) (size 1.25 2.65) (layers B.Cu B.Paste B.Mask) (roundrect_rratio 0.2)
      (net 27 "Net-(R13-Pad1)"))
    (model ${KISYS3DMOD}/Resistor_SMD.3dshapes/R_1210_3225Metric.wrl
      (at (xyz 0 0 0))
      (scale (xyz 1 1 1))
      (rotate (xyz 0 0 0))
    )
  )

  (module Resistor_SMD:R_1210_3225Metric (layer F.Cu) (tedit 5B301BBD) (tstamp 5FCB42F6)
    (at 209.296 82.804)
    (descr "Resistor SMD 1210 (3225 Metric), square (rectangular) end terminal, IPC_7351 nominal, (Body size source: http://www.tortai-tech.com/upload/download/2011102023233369053.pdf), generated with kicad-footprint-generator")
    (tags resistor)
    (path /5FC9336E)
    (attr smd)
    (fp_text reference R9 (at 0 -2.28) (layer F.SilkS)
      (effects (font (size 1 1) (thickness 0.15)))
    )
    (fp_text value 100k (at 0 2.28) (layer F.Fab)
      (effects (font (size 1 1) (thickness 0.15)))
    )
    (fp_text user %R (at 0 0) (layer F.Fab)
      (effects (font (size 0.8 0.8) (thickness 0.12)))
    )
    (fp_line (start -1.6 1.25) (end -1.6 -1.25) (layer F.Fab) (width 0.1))
    (fp_line (start -1.6 -1.25) (end 1.6 -1.25) (layer F.Fab) (width 0.1))
    (fp_line (start 1.6 -1.25) (end 1.6 1.25) (layer F.Fab) (width 0.1))
    (fp_line (start 1.6 1.25) (end -1.6 1.25) (layer F.Fab) (width 0.1))
    (fp_line (start -0.602064 -1.36) (end 0.602064 -1.36) (layer F.SilkS) (width 0.12))
    (fp_line (start -0.602064 1.36) (end 0.602064 1.36) (layer F.SilkS) (width 0.12))
    (fp_line (start -2.28 1.58) (end -2.28 -1.58) (layer F.CrtYd) (width 0.05))
    (fp_line (start -2.28 -1.58) (end 2.28 -1.58) (layer F.CrtYd) (width 0.05))
    (fp_line (start 2.28 -1.58) (end 2.28 1.58) (layer F.CrtYd) (width 0.05))
    (fp_line (start 2.28 1.58) (end -2.28 1.58) (layer F.CrtYd) (width 0.05))
    (pad 2 smd roundrect (at 1.4 0) (size 1.25 2.65) (layers F.Cu F.Paste F.Mask) (roundrect_rratio 0.2)
      (net 1 COM))
    (pad 1 smd roundrect (at -1.4 0) (size 1.25 2.65) (layers F.Cu F.Paste F.Mask) (roundrect_rratio 0.2)
      (net 20 "Net-(Q6-Pad1)"))
    (model ${KISYS3DMOD}/Resistor_SMD.3dshapes/R_1210_3225Metric.wrl
      (at (xyz 0 0 0))
      (scale (xyz 1 1 1))
      (rotate (xyz 0 0 0))
    )
  )

  (module Resistor_SMD:R_1210_3225Metric (layer F.Cu) (tedit 5B301BBD) (tstamp 5FCB3F09)
    (at 178.054 82.042)
    (descr "Resistor SMD 1210 (3225 Metric), square (rectangular) end terminal, IPC_7351 nominal, (Body size source: http://www.tortai-tech.com/upload/download/2011102023233369053.pdf), generated with kicad-footprint-generator")
    (tags resistor)
    (path /5FC8BF23)
    (attr smd)
    (fp_text reference R8 (at 0 -2.28) (layer F.SilkS)
      (effects (font (size 1 1) (thickness 0.15)))
    )
    (fp_text value 100k (at 0 2.28) (layer F.Fab)
      (effects (font (size 1 1) (thickness 0.15)))
    )
    (fp_text user %R (at 0 0) (layer F.Fab)
      (effects (font (size 0.8 0.8) (thickness 0.12)))
    )
    (fp_line (start -1.6 1.25) (end -1.6 -1.25) (layer F.Fab) (width 0.1))
    (fp_line (start -1.6 -1.25) (end 1.6 -1.25) (layer F.Fab) (width 0.1))
    (fp_line (start 1.6 -1.25) (end 1.6 1.25) (layer F.Fab) (width 0.1))
    (fp_line (start 1.6 1.25) (end -1.6 1.25) (layer F.Fab) (width 0.1))
    (fp_line (start -0.602064 -1.36) (end 0.602064 -1.36) (layer F.SilkS) (width 0.12))
    (fp_line (start -0.602064 1.36) (end 0.602064 1.36) (layer F.SilkS) (width 0.12))
    (fp_line (start -2.28 1.58) (end -2.28 -1.58) (layer F.CrtYd) (width 0.05))
    (fp_line (start -2.28 -1.58) (end 2.28 -1.58) (layer F.CrtYd) (width 0.05))
    (fp_line (start 2.28 -1.58) (end 2.28 1.58) (layer F.CrtYd) (width 0.05))
    (fp_line (start 2.28 1.58) (end -2.28 1.58) (layer F.CrtYd) (width 0.05))
    (pad 2 smd roundrect (at 1.4 0) (size 1.25 2.65) (layers F.Cu F.Paste F.Mask) (roundrect_rratio 0.2)
      (net 1 COM))
    (pad 1 smd roundrect (at -1.4 0) (size 1.25 2.65) (layers F.Cu F.Paste F.Mask) (roundrect_rratio 0.2)
      (net 18 "Net-(Q4-Pad1)"))
    (model ${KISYS3DMOD}/Resistor_SMD.3dshapes/R_1210_3225Metric.wrl
      (at (xyz 0 0 0))
      (scale (xyz 1 1 1))
      (rotate (xyz 0 0 0))
    )
  )

  (module Resistor_SMD:R_1210_3225Metric (layer F.Cu) (tedit 5B301BBD) (tstamp 5FCB4356)
    (at 148.336 83.058)
    (descr "Resistor SMD 1210 (3225 Metric), square (rectangular) end terminal, IPC_7351 nominal, (Body size source: http://www.tortai-tech.com/upload/download/2011102023233369053.pdf), generated with kicad-footprint-generator")
    (tags resistor)
    (path /5FC79A2F)
    (attr smd)
    (fp_text reference R7 (at 0 -2.28) (layer F.SilkS)
      (effects (font (size 1 1) (thickness 0.15)))
    )
    (fp_text value 100k (at 0 2.28) (layer F.Fab)
      (effects (font (size 1 1) (thickness 0.15)))
    )
    (fp_text user %R (at 0 0) (layer F.Fab)
      (effects (font (size 0.8 0.8) (thickness 0.12)))
    )
    (fp_line (start -1.6 1.25) (end -1.6 -1.25) (layer F.Fab) (width 0.1))
    (fp_line (start -1.6 -1.25) (end 1.6 -1.25) (layer F.Fab) (width 0.1))
    (fp_line (start 1.6 -1.25) (end 1.6 1.25) (layer F.Fab) (width 0.1))
    (fp_line (start 1.6 1.25) (end -1.6 1.25) (layer F.Fab) (width 0.1))
    (fp_line (start -0.602064 -1.36) (end 0.602064 -1.36) (layer F.SilkS) (width 0.12))
    (fp_line (start -0.602064 1.36) (end 0.602064 1.36) (layer F.SilkS) (width 0.12))
    (fp_line (start -2.28 1.58) (end -2.28 -1.58) (layer F.CrtYd) (width 0.05))
    (fp_line (start -2.28 -1.58) (end 2.28 -1.58) (layer F.CrtYd) (width 0.05))
    (fp_line (start 2.28 -1.58) (end 2.28 1.58) (layer F.CrtYd) (width 0.05))
    (fp_line (start 2.28 1.58) (end -2.28 1.58) (layer F.CrtYd) (width 0.05))
    (pad 2 smd roundrect (at 1.4 0) (size 1.25 2.65) (layers F.Cu F.Paste F.Mask) (roundrect_rratio 0.2)
      (net 1 COM))
    (pad 1 smd roundrect (at -1.4 0) (size 1.25 2.65) (layers F.Cu F.Paste F.Mask) (roundrect_rratio 0.2)
      (net 16 "Net-(Q2-Pad1)"))
    (model ${KISYS3DMOD}/Resistor_SMD.3dshapes/R_1210_3225Metric.wrl
      (at (xyz 0 0 0))
      (scale (xyz 1 1 1))
      (rotate (xyz 0 0 0))
    )
  )

  (module Resistor_SMD:R_1210_3225Metric (layer B.Cu) (tedit 5B301BBD) (tstamp 5FCB3F6C)
    (at 202.946 80.518 90)
    (descr "Resistor SMD 1210 (3225 Metric), square (rectangular) end terminal, IPC_7351 nominal, (Body size source: http://www.tortai-tech.com/upload/download/2011102023233369053.pdf), generated with kicad-footprint-generator")
    (tags resistor)
    (path /5FC93368)
    (attr smd)
    (fp_text reference R6 (at 0 2.28 90) (layer B.SilkS)
      (effects (font (size 1 1) (thickness 0.15)) (justify mirror))
    )
    (fp_text value 5 (at 0 -2.28 90) (layer B.Fab)
      (effects (font (size 1 1) (thickness 0.15)) (justify mirror))
    )
    (fp_text user %R (at 0 0 90) (layer B.Fab)
      (effects (font (size 0.8 0.8) (thickness 0.12)) (justify mirror))
    )
    (fp_line (start -1.6 -1.25) (end -1.6 1.25) (layer B.Fab) (width 0.1))
    (fp_line (start -1.6 1.25) (end 1.6 1.25) (layer B.Fab) (width 0.1))
    (fp_line (start 1.6 1.25) (end 1.6 -1.25) (layer B.Fab) (width 0.1))
    (fp_line (start 1.6 -1.25) (end -1.6 -1.25) (layer B.Fab) (width 0.1))
    (fp_line (start -0.602064 1.36) (end 0.602064 1.36) (layer B.SilkS) (width 0.12))
    (fp_line (start -0.602064 -1.36) (end 0.602064 -1.36) (layer B.SilkS) (width 0.12))
    (fp_line (start -2.28 -1.58) (end -2.28 1.58) (layer B.CrtYd) (width 0.05))
    (fp_line (start -2.28 1.58) (end 2.28 1.58) (layer B.CrtYd) (width 0.05))
    (fp_line (start 2.28 1.58) (end 2.28 -1.58) (layer B.CrtYd) (width 0.05))
    (fp_line (start 2.28 -1.58) (end -2.28 -1.58) (layer B.CrtYd) (width 0.05))
    (pad 2 smd roundrect (at 1.4 0 90) (size 1.25 2.65) (layers B.Cu B.Paste B.Mask) (roundrect_rratio 0.2)
      (net 26 "Net-(R6-Pad2)"))
    (pad 1 smd roundrect (at -1.4 0 90) (size 1.25 2.65) (layers B.Cu B.Paste B.Mask) (roundrect_rratio 0.2)
      (net 20 "Net-(Q6-Pad1)"))
    (model ${KISYS3DMOD}/Resistor_SMD.3dshapes/R_1210_3225Metric.wrl
      (at (xyz 0 0 0))
      (scale (xyz 1 1 1))
      (rotate (xyz 0 0 0))
    )
  )

  (module Resistor_SMD:R_1210_3225Metric (layer B.Cu) (tedit 5B301BBD) (tstamp 5FCB3F39)
    (at 171.704 78.994 90)
    (descr "Resistor SMD 1210 (3225 Metric), square (rectangular) end terminal, IPC_7351 nominal, (Body size source: http://www.tortai-tech.com/upload/download/2011102023233369053.pdf), generated with kicad-footprint-generator")
    (tags resistor)
    (path /5FC8BF1D)
    (attr smd)
    (fp_text reference R4 (at 0 2.28 270) (layer B.SilkS)
      (effects (font (size 1 1) (thickness 0.15)) (justify mirror))
    )
    (fp_text value 5 (at 0 -2.28 270) (layer B.Fab)
      (effects (font (size 1 1) (thickness 0.15)) (justify mirror))
    )
    (fp_text user %R (at 0 0 270) (layer B.Fab)
      (effects (font (size 0.8 0.8) (thickness 0.12)) (justify mirror))
    )
    (fp_line (start -1.6 -1.25) (end -1.6 1.25) (layer B.Fab) (width 0.1))
    (fp_line (start -1.6 1.25) (end 1.6 1.25) (layer B.Fab) (width 0.1))
    (fp_line (start 1.6 1.25) (end 1.6 -1.25) (layer B.Fab) (width 0.1))
    (fp_line (start 1.6 -1.25) (end -1.6 -1.25) (layer B.Fab) (width 0.1))
    (fp_line (start -0.602064 1.36) (end 0.602064 1.36) (layer B.SilkS) (width 0.12))
    (fp_line (start -0.602064 -1.36) (end 0.602064 -1.36) (layer B.SilkS) (width 0.12))
    (fp_line (start -2.28 -1.58) (end -2.28 1.58) (layer B.CrtYd) (width 0.05))
    (fp_line (start -2.28 1.58) (end 2.28 1.58) (layer B.CrtYd) (width 0.05))
    (fp_line (start 2.28 1.58) (end 2.28 -1.58) (layer B.CrtYd) (width 0.05))
    (fp_line (start 2.28 -1.58) (end -2.28 -1.58) (layer B.CrtYd) (width 0.05))
    (pad 2 smd roundrect (at 1.4 0 90) (size 1.25 2.65) (layers B.Cu B.Paste B.Mask) (roundrect_rratio 0.2)
      (net 24 "Net-(R4-Pad2)"))
    (pad 1 smd roundrect (at -1.4 0 90) (size 1.25 2.65) (layers B.Cu B.Paste B.Mask) (roundrect_rratio 0.2)
      (net 18 "Net-(Q4-Pad1)"))
    (model ${KISYS3DMOD}/Resistor_SMD.3dshapes/R_1210_3225Metric.wrl
      (at (xyz 0 0 0))
      (scale (xyz 1 1 1))
      (rotate (xyz 0 0 0))
    )
  )

  (module Resistor_SMD:R_1210_3225Metric (layer B.Cu) (tedit 5B301BBD) (tstamp 5FCB4386)
    (at 141.732 78.232 90)
    (descr "Resistor SMD 1210 (3225 Metric), square (rectangular) end terminal, IPC_7351 nominal, (Body size source: http://www.tortai-tech.com/upload/download/2011102023233369053.pdf), generated with kicad-footprint-generator")
    (tags resistor)
    (path /5FC78D2F)
    (attr smd)
    (fp_text reference R2 (at 0 2.28 270) (layer B.SilkS)
      (effects (font (size 1 1) (thickness 0.15)) (justify mirror))
    )
    (fp_text value 5 (at 0 -2.28 270) (layer B.Fab)
      (effects (font (size 1 1) (thickness 0.15)) (justify mirror))
    )
    (fp_text user %R (at 0 0 270) (layer B.Fab)
      (effects (font (size 0.8 0.8) (thickness 0.12)) (justify mirror))
    )
    (fp_line (start -1.6 -1.25) (end -1.6 1.25) (layer B.Fab) (width 0.1))
    (fp_line (start -1.6 1.25) (end 1.6 1.25) (layer B.Fab) (width 0.1))
    (fp_line (start 1.6 1.25) (end 1.6 -1.25) (layer B.Fab) (width 0.1))
    (fp_line (start 1.6 -1.25) (end -1.6 -1.25) (layer B.Fab) (width 0.1))
    (fp_line (start -0.602064 1.36) (end 0.602064 1.36) (layer B.SilkS) (width 0.12))
    (fp_line (start -0.602064 -1.36) (end 0.602064 -1.36) (layer B.SilkS) (width 0.12))
    (fp_line (start -2.28 -1.58) (end -2.28 1.58) (layer B.CrtYd) (width 0.05))
    (fp_line (start -2.28 1.58) (end 2.28 1.58) (layer B.CrtYd) (width 0.05))
    (fp_line (start 2.28 1.58) (end 2.28 -1.58) (layer B.CrtYd) (width 0.05))
    (fp_line (start 2.28 -1.58) (end -2.28 -1.58) (layer B.CrtYd) (width 0.05))
    (pad 2 smd roundrect (at 1.4 0 90) (size 1.25 2.65) (layers B.Cu B.Paste B.Mask) (roundrect_rratio 0.2)
      (net 22 "Net-(R2-Pad2)"))
    (pad 1 smd roundrect (at -1.4 0 90) (size 1.25 2.65) (layers B.Cu B.Paste B.Mask) (roundrect_rratio 0.2)
      (net 16 "Net-(Q2-Pad1)"))
    (model ${KISYS3DMOD}/Resistor_SMD.3dshapes/R_1210_3225Metric.wrl
      (at (xyz 0 0 0))
      (scale (xyz 1 1 1))
      (rotate (xyz 0 0 0))
    )
  )

  (module Resistor_SMD:R_1210_3225Metric (layer B.Cu) (tedit 5B301BBD) (tstamp 5FCB3C87)
    (at 209.296 56.642)
    (descr "Resistor SMD 1210 (3225 Metric), square (rectangular) end terminal, IPC_7351 nominal, (Body size source: http://www.tortai-tech.com/upload/download/2011102023233369053.pdf), generated with kicad-footprint-generator")
    (tags resistor)
    (path /5FC93338)
    (attr smd)
    (fp_text reference R12 (at 0 2.28) (layer B.SilkS)
      (effects (font (size 1 1) (thickness 0.15)) (justify mirror))
    )
    (fp_text value 100k (at 0 -2.28) (layer B.Fab)
      (effects (font (size 1 1) (thickness 0.15)) (justify mirror))
    )
    (fp_text user %R (at 0 0) (layer B.Fab)
      (effects (font (size 0.8 0.8) (thickness 0.12)) (justify mirror))
    )
    (fp_line (start -1.6 -1.25) (end -1.6 1.25) (layer B.Fab) (width 0.1))
    (fp_line (start -1.6 1.25) (end 1.6 1.25) (layer B.Fab) (width 0.1))
    (fp_line (start 1.6 1.25) (end 1.6 -1.25) (layer B.Fab) (width 0.1))
    (fp_line (start 1.6 -1.25) (end -1.6 -1.25) (layer B.Fab) (width 0.1))
    (fp_line (start -0.602064 1.36) (end 0.602064 1.36) (layer B.SilkS) (width 0.12))
    (fp_line (start -0.602064 -1.36) (end 0.602064 -1.36) (layer B.SilkS) (width 0.12))
    (fp_line (start -2.28 -1.58) (end -2.28 1.58) (layer B.CrtYd) (width 0.05))
    (fp_line (start -2.28 1.58) (end 2.28 1.58) (layer B.CrtYd) (width 0.05))
    (fp_line (start 2.28 1.58) (end 2.28 -1.58) (layer B.CrtYd) (width 0.05))
    (fp_line (start 2.28 -1.58) (end -2.28 -1.58) (layer B.CrtYd) (width 0.05))
    (pad 2 smd roundrect (at 1.4 0) (size 1.25 2.65) (layers B.Cu B.Paste B.Mask) (roundrect_rratio 0.2)
      (net 7 PHASEC))
    (pad 1 smd roundrect (at -1.4 0) (size 1.25 2.65) (layers B.Cu B.Paste B.Mask) (roundrect_rratio 0.2)
      (net 19 "Net-(Q5-Pad1)"))
    (model ${KISYS3DMOD}/Resistor_SMD.3dshapes/R_1210_3225Metric.wrl
      (at (xyz 0 0 0))
      (scale (xyz 1 1 1))
      (rotate (xyz 0 0 0))
    )
  )

  (module Resistor_SMD:R_1210_3225Metric (layer B.Cu) (tedit 5B301BBD) (tstamp 5FCB3CB7)
    (at 202.184 53.848 270)
    (descr "Resistor SMD 1210 (3225 Metric), square (rectangular) end terminal, IPC_7351 nominal, (Body size source: http://www.tortai-tech.com/upload/download/2011102023233369053.pdf), generated with kicad-footprint-generator")
    (tags resistor)
    (path /5FC93332)
    (attr smd)
    (fp_text reference R5 (at 0 2.28 270) (layer B.SilkS)
      (effects (font (size 1 1) (thickness 0.15)) (justify mirror))
    )
    (fp_text value 5 (at 0 -2.28 270) (layer B.Fab)
      (effects (font (size 1 1) (thickness 0.15)) (justify mirror))
    )
    (fp_text user %R (at 0 0 270) (layer B.Fab)
      (effects (font (size 0.8 0.8) (thickness 0.12)) (justify mirror))
    )
    (fp_line (start -1.6 -1.25) (end -1.6 1.25) (layer B.Fab) (width 0.1))
    (fp_line (start -1.6 1.25) (end 1.6 1.25) (layer B.Fab) (width 0.1))
    (fp_line (start 1.6 1.25) (end 1.6 -1.25) (layer B.Fab) (width 0.1))
    (fp_line (start 1.6 -1.25) (end -1.6 -1.25) (layer B.Fab) (width 0.1))
    (fp_line (start -0.602064 1.36) (end 0.602064 1.36) (layer B.SilkS) (width 0.12))
    (fp_line (start -0.602064 -1.36) (end 0.602064 -1.36) (layer B.SilkS) (width 0.12))
    (fp_line (start -2.28 -1.58) (end -2.28 1.58) (layer B.CrtYd) (width 0.05))
    (fp_line (start -2.28 1.58) (end 2.28 1.58) (layer B.CrtYd) (width 0.05))
    (fp_line (start 2.28 1.58) (end 2.28 -1.58) (layer B.CrtYd) (width 0.05))
    (fp_line (start 2.28 -1.58) (end -2.28 -1.58) (layer B.CrtYd) (width 0.05))
    (pad 2 smd roundrect (at 1.4 0 270) (size 1.25 2.65) (layers B.Cu B.Paste B.Mask) (roundrect_rratio 0.2)
      (net 25 "Net-(R5-Pad2)"))
    (pad 1 smd roundrect (at -1.4 0 270) (size 1.25 2.65) (layers B.Cu B.Paste B.Mask) (roundrect_rratio 0.2)
      (net 19 "Net-(Q5-Pad1)"))
    (model ${KISYS3DMOD}/Resistor_SMD.3dshapes/R_1210_3225Metric.wrl
      (at (xyz 0 0 0))
      (scale (xyz 1 1 1))
      (rotate (xyz 0 0 0))
    )
  )

  (module Resistor_SMD:R_1210_3225Metric (layer B.Cu) (tedit 5B301BBD) (tstamp 5FCB3D17)
    (at 177.038 55.88)
    (descr "Resistor SMD 1210 (3225 Metric), square (rectangular) end terminal, IPC_7351 nominal, (Body size source: http://www.tortai-tech.com/upload/download/2011102023233369053.pdf), generated with kicad-footprint-generator")
    (tags resistor)
    (path /5FC8BEED)
    (attr smd)
    (fp_text reference R11 (at 0 2.28) (layer B.SilkS)
      (effects (font (size 1 1) (thickness 0.15)) (justify mirror))
    )
    (fp_text value 100k (at 0 -2.28) (layer B.Fab)
      (effects (font (size 1 1) (thickness 0.15)) (justify mirror))
    )
    (fp_text user %R (at 0 0) (layer B.Fab)
      (effects (font (size 0.8 0.8) (thickness 0.12)) (justify mirror))
    )
    (fp_line (start -1.6 -1.25) (end -1.6 1.25) (layer B.Fab) (width 0.1))
    (fp_line (start -1.6 1.25) (end 1.6 1.25) (layer B.Fab) (width 0.1))
    (fp_line (start 1.6 1.25) (end 1.6 -1.25) (layer B.Fab) (width 0.1))
    (fp_line (start 1.6 -1.25) (end -1.6 -1.25) (layer B.Fab) (width 0.1))
    (fp_line (start -0.602064 1.36) (end 0.602064 1.36) (layer B.SilkS) (width 0.12))
    (fp_line (start -0.602064 -1.36) (end 0.602064 -1.36) (layer B.SilkS) (width 0.12))
    (fp_line (start -2.28 -1.58) (end -2.28 1.58) (layer B.CrtYd) (width 0.05))
    (fp_line (start -2.28 1.58) (end 2.28 1.58) (layer B.CrtYd) (width 0.05))
    (fp_line (start 2.28 1.58) (end 2.28 -1.58) (layer B.CrtYd) (width 0.05))
    (fp_line (start 2.28 -1.58) (end -2.28 -1.58) (layer B.CrtYd) (width 0.05))
    (pad 2 smd roundrect (at 1.4 0) (size 1.25 2.65) (layers B.Cu B.Paste B.Mask) (roundrect_rratio 0.2)
      (net 5 PHASEB))
    (pad 1 smd roundrect (at -1.4 0) (size 1.25 2.65) (layers B.Cu B.Paste B.Mask) (roundrect_rratio 0.2)
      (net 17 "Net-(Q3-Pad1)"))
    (model ${KISYS3DMOD}/Resistor_SMD.3dshapes/R_1210_3225Metric.wrl
      (at (xyz 0 0 0))
      (scale (xyz 1 1 1))
      (rotate (xyz 0 0 0))
    )
  )

  (module Resistor_SMD:R_1210_3225Metric (layer B.Cu) (tedit 5B301BBD) (tstamp 5FCB3CE7)
    (at 170.434 53.086 270)
    (descr "Resistor SMD 1210 (3225 Metric), square (rectangular) end terminal, IPC_7351 nominal, (Body size source: http://www.tortai-tech.com/upload/download/2011102023233369053.pdf), generated with kicad-footprint-generator")
    (tags resistor)
    (path /5FC8BEE7)
    (attr smd)
    (fp_text reference R3 (at 0 2.28 90) (layer B.SilkS)
      (effects (font (size 1 1) (thickness 0.15)) (justify mirror))
    )
    (fp_text value 5 (at 0 -2.28 90) (layer B.Fab)
      (effects (font (size 1 1) (thickness 0.15)) (justify mirror))
    )
    (fp_text user %R (at 0 0 90) (layer F.Fab)
      (effects (font (size 0.8 0.8) (thickness 0.12)))
    )
    (fp_line (start -1.6 -1.25) (end -1.6 1.25) (layer B.Fab) (width 0.1))
    (fp_line (start -1.6 1.25) (end 1.6 1.25) (layer B.Fab) (width 0.1))
    (fp_line (start 1.6 1.25) (end 1.6 -1.25) (layer B.Fab) (width 0.1))
    (fp_line (start 1.6 -1.25) (end -1.6 -1.25) (layer B.Fab) (width 0.1))
    (fp_line (start -0.602064 1.36) (end 0.602064 1.36) (layer B.SilkS) (width 0.12))
    (fp_line (start -0.602064 -1.36) (end 0.602064 -1.36) (layer B.SilkS) (width 0.12))
    (fp_line (start -2.28 -1.58) (end -2.28 1.58) (layer B.CrtYd) (width 0.05))
    (fp_line (start -2.28 1.58) (end 2.28 1.58) (layer B.CrtYd) (width 0.05))
    (fp_line (start 2.28 1.58) (end 2.28 -1.58) (layer B.CrtYd) (width 0.05))
    (fp_line (start 2.28 -1.58) (end -2.28 -1.58) (layer B.CrtYd) (width 0.05))
    (pad 2 smd roundrect (at 1.4 0 270) (size 1.25 2.65) (layers B.Cu B.Paste B.Mask) (roundrect_rratio 0.2)
      (net 23 "Net-(R3-Pad2)"))
    (pad 1 smd roundrect (at -1.4 0 270) (size 1.25 2.65) (layers B.Cu B.Paste B.Mask) (roundrect_rratio 0.2)
      (net 17 "Net-(Q3-Pad1)"))
    (model ${KISYS3DMOD}/Resistor_SMD.3dshapes/R_1210_3225Metric.wrl
      (at (xyz 0 0 0))
      (scale (xyz 1 1 1))
      (rotate (xyz 0 0 0))
    )
  )

  (module Resistor_SMD:R_1210_3225Metric (layer B.Cu) (tedit 5B301BBD) (tstamp 5FCB4326)
    (at 147.958 56.642)
    (descr "Resistor SMD 1210 (3225 Metric), square (rectangular) end terminal, IPC_7351 nominal, (Body size source: http://www.tortai-tech.com/upload/download/2011102023233369053.pdf), generated with kicad-footprint-generator")
    (tags resistor)
    (path /5FC72DD1)
    (attr smd)
    (fp_text reference R10 (at 0 2.28) (layer B.SilkS)
      (effects (font (size 1 1) (thickness 0.15)) (justify mirror))
    )
    (fp_text value 100k (at 0 -2.28) (layer B.Fab)
      (effects (font (size 1 1) (thickness 0.15)) (justify mirror))
    )
    (fp_text user %R (at 0 0) (layer B.Fab)
      (effects (font (size 0.8 0.8) (thickness 0.12)) (justify mirror))
    )
    (fp_line (start -1.6 -1.25) (end -1.6 1.25) (layer B.Fab) (width 0.1))
    (fp_line (start -1.6 1.25) (end 1.6 1.25) (layer B.Fab) (width 0.1))
    (fp_line (start 1.6 1.25) (end 1.6 -1.25) (layer B.Fab) (width 0.1))
    (fp_line (start 1.6 -1.25) (end -1.6 -1.25) (layer B.Fab) (width 0.1))
    (fp_line (start -0.602064 1.36) (end 0.602064 1.36) (layer B.SilkS) (width 0.12))
    (fp_line (start -0.602064 -1.36) (end 0.602064 -1.36) (layer B.SilkS) (width 0.12))
    (fp_line (start -2.28 -1.58) (end -2.28 1.58) (layer B.CrtYd) (width 0.05))
    (fp_line (start -2.28 1.58) (end 2.28 1.58) (layer B.CrtYd) (width 0.05))
    (fp_line (start 2.28 1.58) (end 2.28 -1.58) (layer B.CrtYd) (width 0.05))
    (fp_line (start 2.28 -1.58) (end -2.28 -1.58) (layer B.CrtYd) (width 0.05))
    (pad 2 smd roundrect (at 1.4 0) (size 1.25 2.65) (layers B.Cu B.Paste B.Mask) (roundrect_rratio 0.2)
      (net 3 PHASEA))
    (pad 1 smd roundrect (at -1.4 0) (size 1.25 2.65) (layers B.Cu B.Paste B.Mask) (roundrect_rratio 0.2)
      (net 15 "Net-(Q1-Pad1)"))
    (model ${KISYS3DMOD}/Resistor_SMD.3dshapes/R_1210_3225Metric.wrl
      (at (xyz 0 0 0))
      (scale (xyz 1 1 1))
      (rotate (xyz 0 0 0))
    )
  )

  (module Resistor_SMD:R_1210_3225Metric (layer B.Cu) (tedit 5B301BBD) (tstamp 5FCB43B6)
    (at 141.478 52.832 270)
    (descr "Resistor SMD 1210 (3225 Metric), square (rectangular) end terminal, IPC_7351 nominal, (Body size source: http://www.tortai-tech.com/upload/download/2011102023233369053.pdf), generated with kicad-footprint-generator")
    (tags resistor)
    (path /5FC729E2)
    (attr smd)
    (fp_text reference R1 (at 0 2.28 270) (layer B.SilkS)
      (effects (font (size 1 1) (thickness 0.15)) (justify mirror))
    )
    (fp_text value 5 (at 0 -2.28 270) (layer B.Fab)
      (effects (font (size 1 1) (thickness 0.15)) (justify mirror))
    )
    (fp_text user %R (at 0 0 270) (layer B.Fab)
      (effects (font (size 0.8 0.8) (thickness 0.12)) (justify mirror))
    )
    (fp_line (start -1.6 -1.25) (end -1.6 1.25) (layer B.Fab) (width 0.1))
    (fp_line (start -1.6 1.25) (end 1.6 1.25) (layer B.Fab) (width 0.1))
    (fp_line (start 1.6 1.25) (end 1.6 -1.25) (layer B.Fab) (width 0.1))
    (fp_line (start 1.6 -1.25) (end -1.6 -1.25) (layer B.Fab) (width 0.1))
    (fp_line (start -0.602064 1.36) (end 0.602064 1.36) (layer B.SilkS) (width 0.12))
    (fp_line (start -0.602064 -1.36) (end 0.602064 -1.36) (layer B.SilkS) (width 0.12))
    (fp_line (start -2.28 -1.58) (end -2.28 1.58) (layer B.CrtYd) (width 0.05))
    (fp_line (start -2.28 1.58) (end 2.28 1.58) (layer B.CrtYd) (width 0.05))
    (fp_line (start 2.28 1.58) (end 2.28 -1.58) (layer B.CrtYd) (width 0.05))
    (fp_line (start 2.28 -1.58) (end -2.28 -1.58) (layer B.CrtYd) (width 0.05))
    (pad 2 smd roundrect (at 1.4 0 270) (size 1.25 2.65) (layers B.Cu B.Paste B.Mask) (roundrect_rratio 0.2)
      (net 21 "Net-(R1-Pad2)"))
    (pad 1 smd roundrect (at -1.4 0 270) (size 1.25 2.65) (layers B.Cu B.Paste B.Mask) (roundrect_rratio 0.2)
      (net 15 "Net-(Q1-Pad1)"))
    (model ${KISYS3DMOD}/Resistor_SMD.3dshapes/R_1210_3225Metric.wrl
      (at (xyz 0 0 0))
      (scale (xyz 1 1 1))
      (rotate (xyz 0 0 0))
    )
  )

  (module Crystal:Crystal_HC52-6mm_Vertical (layer F.Cu) (tedit 5A1AD3B8) (tstamp 5FCB43EC)
    (at 102.108 81.534 90)
    (descr "Crystal THT HC-52/6mm, http://www.kvg-gmbh.de/assets/uploads/files/product_pdfs/XS71xx.pdf")
    (tags "THT crystalHC-49/U")
    (path /5FD0DF7E)
    (fp_text reference Y1 (at 1.9 -2.85 90) (layer F.SilkS)
      (effects (font (size 1 1) (thickness 0.15)))
    )
    (fp_text value Crystal (at 1.9 2.85 90) (layer F.Fab)
      (effects (font (size 1 1) (thickness 0.15)))
    )
    (fp_arc (start 4.25 0) (end 4.25 -1.85) (angle 180) (layer F.SilkS) (width 0.12))
    (fp_arc (start -0.45 0) (end -0.45 -1.85) (angle -180) (layer F.SilkS) (width 0.12))
    (fp_arc (start 4.25 0) (end 4.25 -1.15) (angle 180) (layer F.Fab) (width 0.1))
    (fp_arc (start -0.45 0) (end -0.45 -1.15) (angle -180) (layer F.Fab) (width 0.1))
    (fp_arc (start 4.25 0) (end 4.25 -1.65) (angle 180) (layer F.Fab) (width 0.1))
    (fp_arc (start -0.45 0) (end -0.45 -1.65) (angle -180) (layer F.Fab) (width 0.1))
    (fp_text user %R (at 1.9 0 90) (layer F.Fab)
      (effects (font (size 1 1) (thickness 0.15)))
    )
    (fp_line (start -0.45 -1.65) (end 4.25 -1.65) (layer F.Fab) (width 0.1))
    (fp_line (start -0.45 1.65) (end 4.25 1.65) (layer F.Fab) (width 0.1))
    (fp_line (start -0.45 -1.15) (end 4.25 -1.15) (layer F.Fab) (width 0.1))
    (fp_line (start -0.45 1.15) (end 4.25 1.15) (layer F.Fab) (width 0.1))
    (fp_line (start -0.45 -1.85) (end 4.25 -1.85) (layer F.SilkS) (width 0.12))
    (fp_line (start -0.45 1.85) (end 4.25 1.85) (layer F.SilkS) (width 0.12))
    (fp_line (start -2.6 -2.1) (end -2.6 2.1) (layer F.CrtYd) (width 0.05))
    (fp_line (start -2.6 2.1) (end 6.4 2.1) (layer F.CrtYd) (width 0.05))
    (fp_line (start 6.4 2.1) (end 6.4 -2.1) (layer F.CrtYd) (width 0.05))
    (fp_line (start 6.4 -2.1) (end -2.6 -2.1) (layer F.CrtYd) (width 0.05))
    (pad 2 thru_hole circle (at 3.8 0 90) (size 1.5 1.5) (drill 0.8) (layers *.Cu *.Mask)
      (net 12 "Net-(C12-Pad1)"))
    (pad 1 thru_hole circle (at 0 0 90) (size 1.5 1.5) (drill 0.8) (layers *.Cu *.Mask)
      (net 13 "Net-(C13-Pad2)"))
    (model ${KISYS3DMOD}/Crystal.3dshapes/Crystal_HC52-6mm_Vertical.wrl
      (at (xyz 0 0 0))
      (scale (xyz 1 1 1))
      (rotate (xyz 0 0 0))
    )
  )

  (module phase1:DIP-28_296_ELL (layer F.Cu) (tedit 0) (tstamp 5FCB45CC)
    (at 112.014 74.93 270)
    (path /5FCA2204)
    (fp_text reference U6 (at -18.61 0) (layer F.SilkS)
      (effects (font (size 1 1) (thickness 0.15)))
    )
    (fp_text value Atmega328P (at 0 0 90) (layer F.Fab)
      (effects (font (size 1 1) (thickness 0.15)))
    )
    (fp_line (start -17.61 5.259999) (end 17.61 5.26) (layer F.SilkS) (width 0.12))
    (fp_line (start 17.61 5.26) (end 17.61 -5.259999) (layer F.SilkS) (width 0.12))
    (fp_line (start 17.61 -5.259999) (end -17.61 -5.26) (layer F.SilkS) (width 0.12))
    (fp_line (start -17.61 -5.26) (end -17.61 -1.753333) (layer F.SilkS) (width 0.12))
    (fp_line (start -17.61 -1.753333) (end -17.25 -1.753333) (layer F.SilkS) (width 0.12))
    (fp_line (start -17.25 -1.753333) (end -17.25 1.753333) (layer F.SilkS) (width 0.12))
    (fp_line (start -17.25 1.753333) (end -17.61 1.753333) (layer F.SilkS) (width 0.12))
    (fp_line (start -17.61 1.753333) (end -17.61 5.259999) (layer F.SilkS) (width 0.12))
    (fp_line (start -17.36 -5.01) (end 17.36 -5.01) (layer F.CrtYd) (width 0.05))
    (fp_line (start 17.36 -5.01) (end 17.36 5.01) (layer F.CrtYd) (width 0.05))
    (fp_line (start 17.36 5.01) (end -17.36 5.01) (layer F.CrtYd) (width 0.05))
    (fp_line (start -17.36 5.01) (end -17.36 -5.01) (layer F.CrtYd) (width 0.05))
    (pad 14 thru_hole oval (at 16.51 3.76 270) (size 1.2 2) (drill 0.8) (layers *.Cu *.Mask)
      (net 35 "Net-(U6-Pad14)"))
    (pad 15 thru_hole oval (at 16.51 -3.76 270) (size 1.2 2) (drill 0.8) (layers *.Cu *.Mask)
      (net 36 "Net-(U6-Pad15)"))
    (pad 13 thru_hole oval (at 13.97 3.76 270) (size 1.2 2) (drill 0.8) (layers *.Cu *.Mask)
      (net 37 "Net-(U6-Pad13)"))
    (pad 16 thru_hole oval (at 13.97 -3.76 270) (size 1.2 2) (drill 0.8) (layers *.Cu *.Mask)
      (net 38 "Net-(U6-Pad16)"))
    (pad 12 thru_hole oval (at 11.43 3.76 270) (size 1.2 2) (drill 0.8) (layers *.Cu *.Mask)
      (net 39 "Net-(U6-Pad12)"))
    (pad 17 thru_hole oval (at 11.43 -3.76 270) (size 1.2 2) (drill 0.8) (layers *.Cu *.Mask)
      (net 40 "Net-(U6-Pad17)"))
    (pad 11 thru_hole oval (at 8.89 3.76 270) (size 1.2 2) (drill 0.8) (layers *.Cu *.Mask)
      (net 41 "Net-(U6-Pad11)"))
    (pad 18 thru_hole oval (at 8.89 -3.76 270) (size 1.2 2) (drill 0.8) (layers *.Cu *.Mask)
      (net 42 "Net-(U6-Pad18)"))
    (pad 10 thru_hole oval (at 6.35 3.76 270) (size 1.2 2) (drill 0.8) (layers *.Cu *.Mask)
      (net 13 "Net-(C13-Pad2)"))
    (pad 19 thru_hole oval (at 6.35 -3.76 270) (size 1.2 2) (drill 0.8) (layers *.Cu *.Mask)
      (net 43 "Net-(U6-Pad19)"))
    (pad 9 thru_hole oval (at 3.81 3.76 270) (size 1.2 2) (drill 0.8) (layers *.Cu *.Mask)
      (net 12 "Net-(C12-Pad1)"))
    (pad 20 thru_hole oval (at 3.81 -3.76 270) (size 1.2 2) (drill 0.8) (layers *.Cu *.Mask)
      (net 14 5V))
    (pad 8 thru_hole oval (at 1.27 3.76 270) (size 1.2 2) (drill 0.8) (layers *.Cu *.Mask)
      (net 1 COM))
    (pad 21 thru_hole oval (at 1.27 -3.76 270) (size 1.2 2) (drill 0.8) (layers *.Cu *.Mask)
      (net 14 5V))
    (pad 7 thru_hole oval (at -1.27 3.76 270) (size 1.2 2) (drill 0.8) (layers *.Cu *.Mask)
      (net 14 5V))
    (pad 22 thru_hole oval (at -1.27 -3.76 270) (size 1.2 2) (drill 0.8) (layers *.Cu *.Mask)
      (net 44 "Net-(U6-Pad22)"))
    (pad 6 thru_hole oval (at -3.81 3.76 270) (size 1.2 2) (drill 0.8) (layers *.Cu *.Mask)
      (net 45 "Net-(U6-Pad6)"))
    (pad 23 thru_hole oval (at -3.81 -3.76 270) (size 1.2 2) (drill 0.8) (layers *.Cu *.Mask)
      (net 46 "Net-(U6-Pad23)"))
    (pad 5 thru_hole oval (at -6.35 3.76 270) (size 1.2 2) (drill 0.8) (layers *.Cu *.Mask)
      (net 47 "Net-(U6-Pad5)"))
    (pad 24 thru_hole oval (at -6.35 -3.76 270) (size 1.2 2) (drill 0.8) (layers *.Cu *.Mask)
      (net 48 "Net-(U6-Pad24)"))
    (pad 4 thru_hole oval (at -8.89 3.76 270) (size 1.2 2) (drill 0.8) (layers *.Cu *.Mask)
      (net 49 "Net-(U6-Pad4)"))
    (pad 25 thru_hole oval (at -8.89 -3.76 270) (size 1.2 2) (drill 0.8) (layers *.Cu *.Mask)
      (net 50 "Net-(U6-Pad25)"))
    (pad 3 thru_hole oval (at -11.43 3.76 270) (size 1.2 2) (drill 0.8) (layers *.Cu *.Mask)
      (net 51 "Net-(U6-Pad3)"))
    (pad 26 thru_hole oval (at -11.43 -3.76 270) (size 1.2 2) (drill 0.8) (layers *.Cu *.Mask)
      (net 52 "Net-(U6-Pad26)"))
    (pad 2 thru_hole oval (at -13.97 3.76 270) (size 1.2 2) (drill 0.8) (layers *.Cu *.Mask)
      (net 53 "Net-(U6-Pad2)"))
    (pad 27 thru_hole oval (at -13.97 -3.76 270) (size 1.2 2) (drill 0.8) (layers *.Cu *.Mask)
      (net 54 "Net-(U6-Pad27)"))
    (pad 1 thru_hole oval (at -16.51 3.76 270) (size 1.2 2) (drill 0.8) (layers *.Cu *.Mask)
      (net 27 "Net-(R13-Pad1)"))
    (pad 28 thru_hole oval (at -16.51 -3.76 270) (size 1.2 2) (drill 0.8) (layers *.Cu *.Mask)
      (net 55 "Net-(U6-Pad28)"))
  )

  (module phase1:YATIK-TO222 (layer F.Cu) (tedit 5FC7E408) (tstamp 5FCB44FD)
    (at 86.36 67.31 180)
    (path /5FC84880)
    (fp_text reference U5 (at 0.508 -2.413) (layer F.SilkS)
      (effects (font (size 1 1) (thickness 0.15)))
    )
    (fp_text value 7805 (at -0.508 -12.065) (layer F.Fab)
      (effects (font (size 1 1) (thickness 0.15)))
    )
    (fp_line (start -4.953 5.334) (end 5.08 5.334) (layer F.SilkS) (width 0.12))
    (fp_line (start 5.08 5.334) (end 5.08 -10.795) (layer F.SilkS) (width 0.12))
    (fp_line (start 5.08 -10.795) (end -4.826 -10.795) (layer F.SilkS) (width 0.12))
    (fp_line (start -4.826 -10.795) (end -4.953 -10.795) (layer F.SilkS) (width 0.12))
    (fp_line (start -4.953 -10.795) (end -4.953 5.334) (layer F.SilkS) (width 0.12))
    (fp_line (start 5.08 -4.699) (end -4.953 -4.699) (layer F.SilkS) (width 0.12))
    (fp_circle (center 0.127 -7.747) (end 1.651 -9.144) (layer F.SilkS) (width 0.12))
    (pad 2 thru_hole circle (at 0.127 8.89 180) (size 2 2) (drill 0.762) (layers *.Cu *.Mask)
      (net 1 COM))
    (pad 3 thru_hole circle (at 2.54 7.112 180) (size 2 2) (drill 0.762) (layers *.Cu *.Mask)
      (net 9 "Net-(C8-Pad1)"))
    (pad 1 thru_hole circle (at -2.413 6.985 180) (size 2 2) (drill 0.762) (layers *.Cu *.Mask)
      (net 2 12V))
  )

  (module phase1:DIP-8_296_ELL (layer F.Cu) (tedit 0) (tstamp 5FCB44C2)
    (at 207.264 91.44 90)
    (path /5FC9331A)
    (fp_text reference U3 (at -5.91 0) (layer F.SilkS)
      (effects (font (size 1 1) (thickness 0.15)))
    )
    (fp_text value IR2102 (at 0 0 90) (layer F.Fab)
      (effects (font (size 1 1) (thickness 0.15)))
    )
    (fp_line (start -4.91 5.26) (end 4.91 5.26) (layer F.SilkS) (width 0.12))
    (fp_line (start 4.91 5.26) (end 4.91 -5.26) (layer F.SilkS) (width 0.12))
    (fp_line (start 4.91 -5.26) (end -4.91 -5.26) (layer F.SilkS) (width 0.12))
